sample	name	treat	week	id	vcps	log_vcps	pos_neg_asssignment	vcps_new	log_vcps_new
2	T1_1	1	1	1	6.04E+07	7.780793408	pos	6.04E+07	7.780793408
3	T1_2	1	1	2	4.94E+08	8.693773185	pos	4.94E+08	8.693773185
5	T1_3	1	1	3	7.87E+07	7.896068953	pos	7.87E+07	7.896068953
7	T1_4	1	1	4	4.71E+08	8.672763253	pos	4.71E+08	8.672763253
8	T1_5	1	1	5	1.78E+08	8.250305701	pos	1.78E+08	8.250305701
10	T1_6	1	1	6	4.07E+08	8.60985488	pos	4.07E+08	8.60985488
11	T2_1	2	1	7	6.12E+09	9.786562027	pos	6.12E+09	9.786562027
13	T2_2	2	1	8	2.35E+09	9.370296237	pos	2.35E+09	9.370296237
15	T2_3	2	1	9	4.69E+09	9.671442969	pos	4.69E+09	9.671442969
17	T2_4	2	1	10	8.99E+08	8.953879957	pos	8.99E+08	8.953879957
18	T2_5	2	1	11	6.92E+08	8.840317391	pos	6.92E+08	8.840317391
19	T2_6	2	1	12	1.50E+10	10.17558912	pos	1.50E+10	10.17558912
20	C_1	3	1	13	1.85E+05	5.267833845	pos	1.85E+05	5.267833845
21	C_2	3	1	14	7.86E+02	2.895537186	neg	1.48E+03	3.171269626
22	C_3	3	1	15	7.58E+05	5.879660664	pos	7.58E+05	5.879660664
25	2_T1_1	1	2	1	1.11E+08	8.046296294	pos	1.11E+08	8.046296294
28	2_T1_2	1	2	2	4.66E+09	9.668740462	pos	4.66E+09	9.668740462
29	2_T1_3	1	2	3	7.58E+08	8.879675222	pos	7.58E+08	8.879675222
31	2_T1_4	1	2	4	6.82E+07	7.833577871	pos	6.82E+07	7.833577871
33	2_T1_5	1	2	5	6.28E+08	8.797701951	pos	6.28E+08	8.797701951
34	2_T1_6	1	2	6	4.43E+07	7.646372172	pos	4.43E+07	7.646372172
35	2_T2_1	2	2	7	1.65E+08	8.216752497	pos	1.65E+08	8.216752497
37	2_T2_2	2	2	8	2.89E+08	8.461534944	pos	2.89E+08	8.461534944
40	2_T2_3	2	2	9	1.02E+09	9.01028694	pos	1.02E+09	9.01028694
42	2_T2_4	2	2	10	9.80E+07	7.991066981	pos	9.80E+07	7.991066981
43	2_T2_5	2	2	11	1.06E+08	8.025090925	pos	1.06E+08	8.025090925
45	2_T2_6	2	2	12	1.22E+09	9.085781015	pos	1.22E+09	9.085781015
46	2_C_1	3	2	13	2.00E+04	4.300662292	pos	2.00E+04	4.300662292
47	2_C_2	3	2	14	1.34E+04	4.12614054	pos	1.34E+04	4.12614054
48	2_C_3	3	2	15	2.32E+04	4.366294079	pos	2.32E+04	4.366294079
51	3_T1_1	1	3	1	7.87E+07	7.89586645	pos	7.87E+07	7.89586645
52	3_T1_2	1	3	2	1.77E+07	7.248701407	pos	1.77E+07	7.248701407
53	3_T1_3	1	3	3	5.22E+07	7.717934378	pos	5.22E+07	7.717934378
55	3_T1_4	1	3	4	9.53E+07	7.979111737	pos	9.53E+07	7.979111737
56	3_T1_5	1	3	5	2.88E+06	6.458873365	pos	2.88E+06	6.458873365
58	3_T1_6	1	3	6	6.51E+07	7.813756395	pos	6.51E+07	7.813756395
60	3_T2_1	2	3	7	1.08E+08	8.032883029	pos	1.08E+08	8.032883029
61	3_T2_2	2	3	8	8.90E+07	7.949196118	pos	8.90E+07	7.949196118
63	3_T2_3	2	3	9	2.07E+08	8.316119566	pos	2.07E+08	8.316119566
65	3_T2_4	2	3	10	2.50E+08	8.397345062	pos	2.50E+08	8.397345062
66	3_T2_5	2	3	11	5.85E+06	6.767507209	pos	5.85E+06	6.767507209
67	3_T2_6	2	3	12	3.71E+08	8.569135239	pos	3.71E+08	8.569135239
68	3_C_1	3	3	13	5.61E+04	4.748709408	neg	2.55E+03	3.406997867
69	3_C_2	3	3	14	2.27E+03	3.355703897	pos	2.27E+03	3.355703897
70	3_C_3	3	3	15	1.23E+04	4.089365053	pos	1.23E+04	4.089365053
84	4_T1_1	1	4	1	1.93E+07	7.286345708	pos	1.93E+07	7.286345708
85	4_T1_3	1	4	3	1.45E+07	7.16180311	pos	1.45E+07	7.16180311
86	4_T1_4	1	4	4	4.93E+07	7.692700136	pos	4.93E+07	7.692700136
87	4_T1_5	1	4	5	6.98E+06	6.844052411	pos	6.98E+06	6.844052411
88	4_T1_6	1	4	6	7.22E+07	7.858508305	pos	7.22E+07	7.858508305
89	4_T2_1	2	4	7	2.50E+07	7.398122543	pos	2.50E+07	7.398122543
90	4_T2_2	2	4	8	1.77E+07	7.248984748	pos	1.77E+07	7.248984748
91	4_T2_3	2	4	9	6.01E+06	6.778765128	pos	6.01E+06	6.778765128
92	4_T2_4	2	4	10	1.04E+07	7.016401169	pos	1.04E+07	7.016401169
93	4_T2_5	2	4	11	1.50E+06	6.174672489	pos	1.50E+06	6.174672489
94	4_T2_6	2	4	12	1.32E+08	8.120441188	pos	1.32E+08	8.120441188
95	4_C_3	3	4	15	1.84E+04	4.265923537	pos	1.84E+04	4.265923537
97	LW_2.1	4	2	a	2.10E+11	11.32293902	pos	2.10E+11	11.32293902
98	LW_2.2	4	2	b	1.66E+11	11.21990448	pos	1.66E+11	11.21990448
99	LW_2.3	4	2	c	1.18E+11	11.07088889	pos	1.18E+11	11.07088889
100	LW_2.4	4	2	d	2.98E+11	11.47421981	pos	2.98E+11	11.47421981
101	LW_3.1	4	3	e	3.17E+11	11.50057243	pos	3.17E+11	11.50057243
102	LW_3.2	4	3	f	2.54E+11	11.40568319	pos	2.54E+11	11.40568319
103	LW_3.3	4	3	g	2.18E+11	11.33912918	pos	2.18E+11	11.33912918
104	LW_4.1	4	4	h	2.44E+11	11.38784089	pos	2.44E+11	11.38784089
105	LW_4.2	4	4	i	5.81E+11	11.76400515	pos	5.81E+11	11.76400515
106	LW_4.3	4	4	j	1.12E+12	12.05009227	pos	1.12E+12	12.05009227
107	LW_4.5	4	4	k	7.23E+11	11.8589265	pos	7.23E+11	11.8589265
									
									
									
									
									
									
									
									
									
									
									
									
									
									
									
									
									
									
									
									
									
									
									
									
									
									
									
									
									
									
									
									
									
									
									
									
									
									
									
									
									
									
									
									
									
									
									
									
									
									
									
									
									
									
									
									
									
									
									
									
									
									
									
									
									
									
									
									
									
									
									
									
									
									
									
									
									
									
									
									
									
									
									
									
									
									
									
									
									
									
									
									
									
									
									
									
									
									
									
									
									
									
									
									
									
									
									
									
									
									
									
									
									
									
									
									
									
									
									
									
									
									
									
									
									
