year	ID_count	treatment_lars	colony	measurement_day	treatment_yearspecific	eggs	larva	pupae	adults
1	1	1	1	1	1	4	0	0	0
1	2	1	2	1	1	5	0	0	0
1	3	1	3	1	1	0	0	0	0
1	4	1	4	1	1	6	0	0	0
1	5	1	5	1	1	0	0	0	0
1	6	1	6	1	1	5	0	0	0
1	7	1	7	1	1	0	0	0	0
1	8	1	8	1	1	0	0	0	0
1	9	1	9	1	1	5	0	0	0
1	10	1	10	1	1	4	0	0	0
1	11	2	11	1	2	10	0	0	0
1	12	2	12	1	2	6	0	0	0
1	13	2	13	1	2	7	0	0	0
1	14	2	14	1	2	5	0	0	0
1	15	2	15	1	2	0	0	0	0
1	16	2	16	1	2	7	0	0	0
1	17	2	17	1	2	6	0	0	0
1	18	2	18	1	2	12	0	0	0
1	19	2	19	1	2	7	0	0	0
1	20	2	20	1	2	6	0	0	0
1	21	3	21	1	3	4	0	0	0
1	22	3	22	1	3	0	0	0	0
1	23	3	23	1	3	0	0	0	0
1	24	3	24	1	3	0	0	0	0
1	25	3	25	1	3	0	0	0	0
1	26	3	26	1	3	2	0	0	0
1	27	3	27	1	3	0	0	0	0
1	28	3	28	1	3	9	0	0	0
1	29	3	29	1	3	3	0	0	0
1	30	3	30	1	3	2	0	0	0
1	31	1	1	2	1	8	0	0	0
1	32	1	2	2	1	7	0	0	0
1	33	1	3	2	1	1	0	0	0
1	34	1	4	2	1	12	0	0	0
1	35	1	5	2	1	2	0	0	0
1	36	1	6	2	1	9	0	0	0
1	37	1	7	2	1	5	0	0	0
1	38	1	8	2	1	0	0	0	0
1	39	1	9	2	1	8	0	0	0
1	40	1	10	2	1	6	0	0	0
1	41	2	11	2	2	12	0	0	0
1	42	2	12	2	2	8	0	0	0
1	43	2	13	2	2	10	0	0	0
1	44	2	14	2	2	6	0	0	0
1	45	2	15	2	2	0	0	0	0
1	46	2	16	2	2	11	0	0	0
1	47	2	17	2	2	9	0	0	0
1	48	2	18	2	2	15	0	0	0
1	49	2	19	2	2	9	0	0	0
1	50	2	20	2	2	8	0	0	0
1	51	3	21	2	3	6	0	0	0
1	52	3	22	2	3	0	0	0	0
1	53	3	23	2	3	5	0	0	0
1	54	3	24	2	3	0	0	0	0
1	55	3	25	2	3	5	0	0	0
1	56	3	26	2	3	6	0	0	0
1	57	3	27	2	3	0	0	0	0
1	58	3	28	2	3	9	0	0	0
1	59	3	29	2	3	3	0	0	0
1	60	3	30	2	3	4	0	0	0
1	61	1	1	3	1	27	0	0	0
1	62	1	2	3	1	7	0	0	0
1	63	1	3	3	1	0	0	0	0
1	64	1	4	3	1	17	0	0	0
1	65	1	5	3	1	NA	NA	0	NA
1	66	1	6	3	1	14	0	0	0
1	67	1	7	3	1	9	0	0	0
1	68	1	8	3	1	5	0	0	0
1	69	1	9	3	1	11	0	0	0
1	70	1	10	3	1	10	0	0	0
1	71	2	11	3	2	18	0	0	0
1	72	2	12	3	2	10	0	0	0
1	73	2	13	3	2	13	0	0	0
1	74	2	14	3	2	9	0	0	0
1	75	2	15	3	2	4	0	0	0
1	76	2	16	3	2	18	0	0	0
1	77	2	17	3	2	11	0	0	0
1	78	2	18	3	2	23	0	0	0
1	79	2	19	3	2	16	0	0	0
1	80	2	20	3	2	20	0	0	0
1	81	3	21	3	3	14	0	0	0
1	82	3	22	3	3	0	0	0	0
1	83	3	23	3	3	12	0	0	0
1	84	3	24	3	3	2	0	0	0
1	85	3	25	3	3	6	0	0	0
1	86	3	26	3	3	7	0	0	0
1	87	3	27	3	3	2	0	0	0
1	88	3	28	3	3	16	0	0	0
1	89	3	29	3	3	4	0	0	0
1	90	3	30	3	3	9	0	0	0
1	91	1	1	4	1	30	0	0	0
1	92	1	2	4	1	15	0	0	0
1	93	1	3	4	1	8	0	0	0
1	94	1	4	4	1	17	0	0	0
1	95	1	5	4	1	NA	NA	0	NA
1	96	1	6	4	1	22	0	0	0
1	97	1	7	4	1	20	0	0	0
1	98	1	8	4	1	18	0	0	0
1	99	1	9	4	1	15	0	0	0
1	100	1	10	4	1	18	0	0	0
1	101	2	11	4	2	24	0	0	0
1	102	2	12	4	2	15	0	0	0
1	103	2	13	4	2	13	0	0	0
1	104	2	14	4	2	13	0	0	0
1	105	2	15	4	2	6	0	0	0
1	106	2	16	4	2	18	0	0	0
1	107	2	17	4	2	18	0	0	0
1	108	2	18	4	2	29	0	0	0
1	109	2	19	4	2	18	0	0	0
1	110	2	20	4	2	20	0	0	0
1	111	3	21	4	3	16	0	0	0
1	112	3	22	4	3	0	0	0	0
1	113	3	23	4	3	17	0	0	0
1	114	3	24	4	3	9	0	0	0
1	115	3	25	4	3	6	0	0	0
1	116	3	26	4	3	14	0	0	0
1	117	3	27	4	3	8	0	0	0
1	118	3	28	4	3	16	0	0	0
1	119	3	29	4	3	14	0	0	0
1	120	3	30	4	3	19	0	0	0
1	121	1	1	5	1	35	0	0	0
1	122	1	2	5	1	23	0	0	0
1	123	1	3	5	1	18	0	0	0
1	124	1	4	5	1	23	0	0	0
1	125	1	5	5	1	NA	NA	0	NA
1	126	1	6	5	1	37	0	0	0
1	127	1	7	5	1	28	0	0	0
1	128	1	8	5	1	20	0	0	0
1	129	1	9	5	1	19	0	0	0
1	130	1	10	5	1	21	0	0	0
1	131	2	11	5	2	24	0	0	0
1	132	2	12	5	2	26	0	0	0
1	133	2	13	5	2	15	0	0	0
1	134	2	14	5	2	19	0	0	0
1	135	2	15	5	2	15	0	0	0
1	136	2	16	5	2	24	0	0	0
1	137	2	17	5	2	27	0	0	0
1	138	2	18	5	2	34	0	0	0
1	139	2	19	5	2	23	0	0	0
1	140	2	20	5	2	28	0	0	0
1	141	3	21	5	3	18	0	0	0
1	142	3	22	5	3	0	0	0	0
1	143	3	23	5	3	22	0	0	0
1	144	3	24	5	3	14	0	0	0
1	145	3	25	5	3	19	0	0	0
1	146	3	26	5	3	18	0	0	0
1	147	3	27	5	3	11	0	0	0
1	148	3	28	5	3	21	0	0	0
1	149	3	29	5	3	23	0	0	0
1	150	3	30	5	3	32	0	0	0
1	151	1	1	6	1	35	0	0	0
1	152	1	2	6	1	32	0	0	0
1	153	1	3	6	1	18	0	0	0
1	154	1	4	6	1	23	0	0	0
1	155	1	5	6	1	NA	NA	0	NA
1	156	1	6	6	1	37	0	0	0
1	157	1	7	6	1	30	0	0	0
1	158	1	8	6	1	25	0	0	0
1	159	1	9	6	1	19	0	0	0
1	160	1	10	6	1	23	0	0	0
1	161	2	11	6	2	24	0	0	0
1	162	2	12	6	2	26	0	0	0
1	163	2	13	6	2	19	0	0	0
1	164	2	14	6	2	19	0	0	0
1	165	2	15	6	2	24	0	0	0
1	166	2	16	6	2	28	0	0	0
1	167	2	17	6	2	30	0	0	0
1	168	2	18	6	2	35	0	0	0
1	169	2	19	6	2	25	0	0	0
1	170	2	20	6	2	28	0	0	0
1	171	3	21	6	3	26	0	0	0
1	172	3	22	6	3	0	0	0	0
1	173	3	23	6	3	27	0	0	0
1	174	3	24	6	3	15	0	0	0
1	175	3	25	6	3	19	0	0	0
1	176	3	26	6	3	23	0	0	0
1	177	3	27	6	3	19	0	0	0
1	178	3	28	6	3	24	0	0	0
1	179	3	29	6	3	26	0	0	0
1	180	3	30	6	3	32	0	0	0
1	181	1	1	7	1	37	0	0	0
1	182	1	2	7	1	36	0	0	0
1	183	1	3	7	1	22	0	0	0
1	184	1	4	7	1	27	0	0	0
1	185	1	5	7	1	NA	NA	0	NA
1	186	1	6	7	1	44	0	0	0
1	187	1	7	7	1	38	0	0	0
1	188	1	8	7	1	30	0	0	0
1	189	1	9	7	1	22	0	0	0
1	190	1	10	7	1	30	0	0	0
1	191	2	11	7	2	27	0	0	0
1	192	2	12	7	2	26	0	0	0
1	193	2	13	7	2	24	0	0	0
1	194	2	14	7	2	20	0	0	0
1	195	2	15	7	2	25	0	0	0
1	196	2	16	7	2	40	0	0	0
1	197	2	17	7	2	30	0	0	0
1	198	2	18	7	2	35	0	0	0
1	199	2	19	7	2	31	0	0	0
1	200	2	20	7	2	30	0	0	0
1	201	3	21	7	3	26	0	0	0
1	202	3	22	7	3	0	0	0	0
1	203	3	23	7	3	27	0	0	0
1	204	3	24	7	3	30	0	0	0
1	205	3	25	7	3	22	0	0	0
1	206	3	26	7	3	23	0	0	0
1	207	3	27	7	3	21	0	0	0
1	208	3	28	7	3	26	0	0	0
1	209	3	29	7	3	26	0	0	0
1	210	3	30	7	3	32	0	0	0
1	211	1	1	8	1	39	0	0	0
1	212	1	2	8	1	36	0	0	0
1	213	1	3	8	1	23	0	0	0
1	214	1	4	8	1	28	0	0	0
1	215	1	5	8	1	NA	NA	0	NA
1	216	1	6	8	1	45	0	0	0
1	217	1	7	8	1	38	0	0	0
1	218	1	8	8	1	30	0	0	0
1	219	1	9	8	1	34	0	0	0
1	220	1	10	8	1	40	0	0	0
1	221	2	11	8	2	32	0	0	0
1	222	2	12	8	2	27	0	0	0
1	223	2	13	8	2	29	0	0	0
1	224	2	14	8	2	30	0	0	0
1	225	2	15	8	2	25	0	0	0
1	226	2	16	8	2	42	0	0	0
1	227	2	17	8	2	34	0	0	0
1	228	2	18	8	2	35	0	0	0
1	229	2	19	8	2	39	0	0	0
1	230	2	20	8	2	33	0	0	0
1	231	3	21	8	3	33	0	0	0
1	232	3	22	8	3	0	0	0	0
1	233	3	23	8	3	30	0	0	0
1	234	3	24	8	3	30	0	0	0
1	235	3	25	8	3	22	0	0	0
1	236	3	26	8	3	23	0	0	0
1	237	3	27	8	3	24	0	0	0
1	238	3	28	8	3	32	0	0	0
1	239	3	29	8	3	26	0	0	0
1	240	3	30	8	3	35	0	0	0
1	241	1	1	9	1	41	0	0	0
1	242	1	2	9	1	36	0	0	0
1	243	1	3	9	1	29	0	0	0
1	244	1	4	9	1	37	0	0	0
1	245	1	5	9	1	NA	NA	0	NA
1	246	1	6	9	1	45	0	0	0
1	247	1	7	9	1	40	0	0	0
1	248	1	8	9	1	30	0	0	0
1	249	1	9	9	1	34	0	0	0
1	250	1	10	9	1	41	0	0	0
1	251	2	11	9	2	33	0	0	0
1	252	2	12	9	2	29	0	0	0
1	253	2	13	9	2	30	0	0	0
1	254	2	14	9	2	30	0	0	0
1	255	2	15	9	2	34	0	0	0
1	256	2	16	9	2	42	0	0	0
1	257	2	17	9	2	34	0	0	0
1	258	2	18	9	2	55	0	0	0
1	259	2	19	9	2	39	0	0	0
1	260	2	20	9	2	39	0	0	0
1	261	3	21	9	3	33	0	0	0
1	262	3	22	9	3	0	0	0	0
1	263	3	23	9	3	30	0	0	0
1	264	3	24	9	3	30	0	0	0
1	265	3	25	9	3	26	0	0	0
1	266	3	26	9	3	29	0	0	0
1	267	3	27	9	3	30	0	0	0
1	268	3	28	9	3	36	0	0	0
1	269	3	29	9	3	26	0	0	0
1	270	3	30	9	3	35	0	0	0
1	271	1	1	11	1	43	0	0	0
1	272	1	2	11	1	38	0	0	0
1	273	1	3	11	1	30	0	0	0
1	274	1	4	11	1	40	0	0	0
1	275	1	5	11	1	NA	NA	0	NA
1	276	1	6	11	1	49	0	0	0
1	277	1	7	11	1	46	0	0	0
1	278	1	8	11	1	37	0	0	0
1	279	1	9	11	1	35	0	0	0
1	280	1	10	11	1	45	0	0	0
1	281	2	11	11	2	43	0	0	0
1	282	2	12	11	2	33	0	0	0
1	283	2	13	11	2	32	0	0	0
1	284	2	14	11	2	37	0	0	0
1	285	2	15	11	2	41	0	0	0
1	286	2	16	11	2	45	0	0	0
1	287	2	17	11	2	35	0	0	0
1	288	2	18	11	2	72	0	0	0
1	289	2	19	11	2	42	0	0	0
1	290	2	20	11	2	45	0	0	0
1	291	3	21	11	3	35	0	0	0
1	292	3	22	11	3	0	0	0	0
1	293	3	23	11	3	46	0	0	0
1	294	3	24	11	3	37	0	0	0
1	295	3	25	11	3	34	0	0	0
1	296	3	26	11	3	33	0	0	0
1	297	3	27	11	3	37	0	0	0
1	298	3	28	11	3	39	0	0	0
1	299	3	29	11	3	34	0	0	0
1	300	3	30	11	3	38	0	0	0
1	301	1	1	12	1	47	0	0	0
1	302	1	2	12	1	49	0	0	0
1	303	1	3	12	1	38	0	0	0
1	304	1	4	12	1	49	0	0	0
1	305	1	5	12	1	NA	NA	0	NA
1	306	1	6	12	1	56	0	0	0
1	307	1	7	12	1	48	0	0	0
1	308	1	8	12	1	39	0	0	0
1	309	1	9	12	1	43	0	0	0
1	310	1	10	12	1	45	0	0	0
1	311	2	11	12	2	47	0	0	0
1	312	2	12	12	2	38	0	0	0
1	313	2	13	12	2	38	0	0	0
1	314	2	14	12	2	39	0	0	0
1	315	2	15	12	2	44	0	0	0
1	316	2	16	12	2	51	0	0	0
1	317	2	17	12	2	42	0	0	0
1	318	2	18	12	2	79	0	0	0
1	319	2	19	12	2	53	0	0	0
1	320	2	20	12	2	55	0	0	0
1	321	3	21	12	3	43	0	0	0
1	322	3	22	12	3	0	0	0	0
1	323	3	23	12	3	62	0	0	0
1	324	3	24	12	3	39	0	0	0
1	325	3	25	12	3	38	0	0	0
1	326	3	26	12	3	39	0	0	0
1	327	3	27	12	3	42	0	0	0
1	328	3	28	12	3	44	0	0	0
1	329	3	29	12	3	36	0	0	0
1	330	3	30	12	3	43	0	0	0
1	331	1	1	13	1	52	0	0	0
1	332	1	2	13	1	53	0	0	0
1	333	1	3	13	1	41	0	0	0
1	334	1	4	13	1	51	0	0	0
1	335	1	5	13	1	NA	NA	0	NA
1	336	1	6	13	1	59	0	0	0
1	337	1	7	13	1	59	0	0	0
1	338	1	8	13	1	47	0	0	0
1	339	1	9	13	1	43	0	0	0
1	340	1	10	13	1	48	0	0	0
1	341	2	11	13	2	62	0	0	0
1	342	2	12	13	2	63	0	0	0
1	343	2	13	13	2	46	0	0	0
1	344	2	14	13	2	43	0	0	0
1	345	2	15	13	2	44	0	0	0
1	346	2	16	13	2	60	0	0	0
1	347	2	17	13	2	53	0	0	0
1	348	2	18	13	2	88	0	0	0
1	349	2	19	13	2	57	0	0	0
1	350	2	20	13	2	70	0	0	0
1	351	3	21	13	3	49	0	0	0
1	352	3	22	13	3	0	0	0	0
1	353	3	23	13	3	65	0	0	0
1	354	3	24	13	3	56	0	0	0
1	355	3	25	13	3	52	0	0	0
1	356	3	26	13	3	54	0	0	0
1	357	3	27	13	3	53	0	0	0
1	358	3	28	13	3	55	0	0	0
1	359	3	29	13	3	44	0	0	0
1	360	3	30	13	3	51	0	0	0
1	361	1	1	14	1	58	0	0	0
1	362	1	2	14	1	64	0	0	0
1	363	1	3	14	1	52	0	0	0
1	364	1	4	14	1	65	0	0	0
1	365	1	5	14	1	NA	NA	0	NA
1	366	1	6	14	1	70	0	0	0
1	367	1	7	14	1	62	0	0	0
1	368	1	8	14	1	58	0	0	0
1	369	1	9	14	1	45	0	0	0
1	370	1	10	14	1	59	0	0	0
1	371	2	11	14	2	64	0	0	0
1	372	2	12	14	2	65	0	0	0
1	373	2	13	14	2	46	0	0	0
1	374	2	14	14	2	50	0	0	0
1	375	2	15	14	2	44	0	0	0
1	376	2	16	14	2	62	0	0	0
1	377	2	17	14	2	58	0	0	0
1	378	2	18	14	2	90	0	0	0
1	379	2	19	14	2	60	0	0	0
1	380	2	20	14	2	74	0	0	0
1	381	3	21	14	3	53	0	0	0
1	382	3	22	14	3	0	0	0	0
1	383	3	23	14	3	73	0	0	0
1	384	3	24	14	3	57	0	0	0
1	385	3	25	14	3	64	0	0	0
1	386	3	26	14	3	55	0	0	0
1	387	3	27	14	3	53	0	0	0
1	388	3	28	14	3	63	0	0	0
1	389	3	29	14	3	50	0	0	0
1	390	3	30	14	3	51	0	0	0
1	391	1	1	15	1	67	0	0	0
1	392	1	2	15	1	67	0	0	0
1	393	1	3	15	1	64	0	0	0
1	394	1	4	15	1	71	0	0	0
1	395	1	5	15	1	NA	NA	0	NA
1	396	1	6	15	1	72	0	0	0
1	397	1	7	15	1	70	0	0	0
1	398	1	8	15	1	69	0	0	0
1	399	1	9	15	1	45	0	0	0
1	400	1	10	15	1	71	0	0	0
1	401	2	11	15	2	75	0	0	0
1	402	2	12	15	2	74	0	0	0
1	403	2	13	15	2	55	0	0	0
1	404	2	14	15	2	52	0	0	0
1	405	2	15	15	2	48	0	0	0
1	406	2	16	15	2	76	0	0	0
1	407	2	17	15	2	63	0	0	0
1	408	2	18	15	2	97	0	0	0
1	409	2	19	15	2	69	0	0	0
1	410	2	20	15	2	77	0	0	0
1	411	3	21	15	3	66	0	0	0
1	412	3	22	15	3	NA	NA	0	NA
1	413	3	23	15	3	74	0	0	0
1	414	3	24	15	3	62	0	0	0
1	415	3	25	15	3	70	0	0	0
1	416	3	26	15	3	63	0	0	0
1	417	3	27	15	3	62	0	0	0
1	418	3	28	15	3	65	0	0	0
1	419	3	29	15	3	64	0	0	0
1	420	3	30	15	3	55	0	0	0
1	421	1	1	18	1	70	4	0	0
1	422	1	2	18	1	69	0	0	0
1	423	1	3	18	1	66	0	0	0
1	424	1	4	18	1	79	0	0	0
1	425	1	5	18	1	NA	NA	0	NA
1	426	1	6	18	1	80	0	0	0
1	427	1	7	18	1	74	0	0	0
1	428	1	8	18	1	74	0	0	0
1	429	1	9	18	1	63	0	0	0
1	430	1	10	18	1	103	0	0	0
1	431	2	11	18	2	99	4	0	0
1	432	2	12	18	2	94	0	0	0
1	433	2	13	18	2	62	5	0	0
1	434	2	14	18	2	69	0	0	0
1	435	2	15	18	2	54	0	0	0
1	436	2	16	18	2	75	2	0	0
1	437	2	17	18	2	102	1	0	0
1	438	2	18	18	2	105	0	0	0
1	439	2	19	18	2	73	0	0	0
1	440	2	20	18	2	82	0	0	0
1	441	3	21	18	3	71	0	0	0
1	442	3	22	18	3	NA	NA	0	NA
1	443	3	23	18	3	86	1	0	0
1	444	3	24	18	3	64	0	0	0
1	445	3	25	18	3	76	0	0	0
1	446	3	26	18	3	65	0	0	0
1	447	3	27	18	3	66	0	0	0
1	448	3	28	18	3	73	2	0	0
1	449	3	29	18	3	83	0	0	0
1	450	3	30	18	3	62	0	0	0
1	451	1	1	19	1	72	5	0	0
1	452	1	2	19	1	71	0	0	0
1	453	1	3	19	1	75	0	0	0
1	454	1	4	19	1	75	4	0	0
1	455	1	5	19	1	NA	NA	0	NA
1	456	1	6	19	1	97	1	0	0
1	457	1	7	19	1	94	0	0	0
1	458	1	8	19	1	75	0	0	0
1	459	1	9	19	1	70	0	0	0
1	460	1	10	19	1	94	0	0	0
1	461	2	11	19	2	102	4	0	0
1	462	2	12	19	2	97	0	0	0
1	463	2	13	19	2	56	10	0	0
1	464	2	14	19	2	86	0	0	0
1	465	2	15	19	2	64	0	0	0
1	466	2	16	19	2	82	2	0	0
1	467	2	17	19	2	93	2	0	0
1	468	2	18	19	2	105	0	0	0
1	469	2	19	19	2	85	0	0	0
1	470	2	20	19	2	81	3	0	0
1	471	3	21	19	3	70	4	0	0
1	472	3	22	19	3	NA	NA	0	NA
1	473	3	23	19	3	94	1	0	0
1	474	3	24	19	3	69	0	0	0
1	475	3	25	19	3	77	3	0	0
1	476	3	26	19	3	63	1	0	0
1	477	3	27	19	3	70	0	0	0
1	478	3	28	19	3	76	6	0	0
1	479	3	29	19	3	83	0	0	0
1	480	3	30	19	3	62	0	0	0
1	481	1	1	20	1	78	17	0	0
1	482	1	2	20	1	72	1	0	0
1	483	1	3	20	1	79	1	0	0
1	484	1	4	20	1	80	5	0	0
1	485	1	5	20	1	NA	NA	0	NA
1	486	1	6	20	1	88	11	0	0
1	487	1	7	20	1	87	7	0	0
1	488	1	8	20	1	78	3	0	0
1	489	1	9	20	1	72	2	0	0
1	490	1	10	20	1	90	5	0	0
1	491	2	11	20	2	108	13	0	0
1	492	2	12	20	2	87	10	0	0
1	493	2	13	20	2	49	18	0	0
1	494	2	14	20	2	83	4	0	0
1	495	2	15	20	2	67	2	0	0
1	496	2	16	20	2	80	3	0	0
1	497	2	17	20	2	86	7	0	0
1	498	2	18	20	2	110	2	0	0
1	499	2	19	20	2	75	0	0	0
1	500	2	20	20	2	86	7	0	0
1	501	3	21	20	3	72	8	0	0
1	502	3	22	20	3	NA	NA	0	NA
1	503	3	23	20	3	105	18	0	0
1	504	3	24	20	3	89	0	0	0
1	505	3	25	20	3	74	7	0	0
1	506	3	26	20	3	71	2	0	0
1	507	3	27	20	3	85	4	0	0
1	508	3	28	20	3	83	9	0	0
1	509	3	29	20	3	95	0	0	0
1	510	3	30	20	3	65	7	0	0
1	511	1	1	22	1	85	17	0	0
1	512	1	2	22	1	68	8	0	0
1	513	1	3	22	1	67	14	0	0
1	514	1	4	22	1	75	11	0	0
1	515	1	5	22	1	NA	NA	0	NA
1	516	1	6	22	1	84	15	0	0
1	517	1	7	22	1	77	18	0	0
1	518	1	8	22	1	70	14	0	0
1	519	1	9	22	1	68	12	0	0
1	520	1	10	22	1	87	17	0	0
1	521	2	11	22	2	85	13	0	0
1	522	2	12	22	2	69	23	0	0
1	523	2	13	22	2	45	22	0	0
1	524	2	14	22	2	85	7	0	0
1	525	2	15	22	2	74	13	0	0
1	526	2	16	22	2	77	8	0	0
1	527	2	17	22	2	74	15	0	0
1	528	2	18	22	2	106	13	0	0
1	529	2	19	22	2	83	9	0	0
1	530	2	20	22	2	84	20	0	0
1	531	3	21	22	3	71	16	0	0
1	532	3	22	22	3	NA	NA	0	NA
1	533	3	23	22	3	108	18	0	0
1	534	3	24	22	3	110	7	0	0
1	535	3	25	22	3	80	17	0	0
1	536	3	26	22	3	83	7	0	0
1	537	3	27	22	3	76	15	0	0
1	538	3	28	22	3	73	16	0	0
1	539	3	29	22	3	85	0	0	0
1	540	3	30	22	3	54	23	0	0
1	541	1	1	23	1	68	17	0	0
1	542	1	2	23	1	66	10	0	0
1	543	1	3	23	1	63	14	0	0
1	544	1	4	23	1	70	16	0	0
1	545	1	5	23	1	NA	NA	0	NA
1	546	1	6	23	1	79	18	0	0
1	547	1	7	23	1	79	22	0	0
1	548	1	8	23	1	62	27	0	0
1	549	1	9	23	1	71	15	0	0
1	550	1	10	23	1	61	23	0	0
1	551	2	11	23	2	85	15	0	0
1	552	2	12	23	2	51	23	0	0
1	553	2	13	23	2	42	26	0	0
1	554	2	14	23	2	88	13	0	0
1	555	2	15	23	2	69	16	0	0
1	556	2	16	23	2	72	10	0	0
1	557	2	17	23	2	68	18	0	0
1	558	2	18	23	2	112	16	0	0
1	559	2	19	23	2	82	9	0	0
1	560	2	20	23	2	84	25	0	0
1	561	3	21	23	3	69	18	0	0
1	562	3	22	23	3	NA	NA	0	NA
1	563	3	23	23	3	95	26	0	0
1	564	3	24	23	3	97	11	0	0
1	565	3	25	23	3	75	20	0	0
1	566	3	26	23	3	78	10	0	0
1	567	3	27	23	3	82	23	0	0
1	568	3	28	23	3	68	16	0	0
1	569	3	29	23	3	85	0	0	0
1	570	3	30	23	3	52	25	0	0
1	571	1	1	24	1	60	17	0	0
1	572	1	2	24	1	61	10	0	0
1	573	1	3	24	1	65	17	0	0
1	574	1	4	24	1	60	17	0	0
1	575	1	5	24	1	NA	NA	0	NA
1	576	1	6	24	1	72	18	0	0
1	577	1	7	24	1	85	22	0	0
1	578	1	8	24	1	67	27	0	0
1	579	1	9	24	1	65	21	0	0
1	580	1	10	24	1	61	23	0	0
1	581	2	11	24	2	74	17	0	0
1	582	2	12	24	2	31	29	0	0
1	583	2	13	24	2	48	27	0	0
1	584	2	14	24	2	98	16	0	0
1	585	2	15	24	2	77	18	0	0
1	586	2	16	24	2	75	14	0	0
1	587	2	17	24	2	71	18	0	0
1	588	2	18	24	2	107	16	0	0
1	589	2	19	24	2	92	15	0	0
1	590	2	20	24	2	79	28	0	0
1	591	3	21	24	3	69	18	0	0
1	592	3	22	24	3	NA	NA	0	NA
1	593	3	23	24	3	92	27	0	0
1	594	3	24	24	3	95	15	0	0
1	595	3	25	24	3	74	20	0	0
1	596	3	26	24	3	77	10	0	0
1	597	3	27	24	3	82	23	0	0
1	598	3	28	24	3	64	19	0	0
1	599	3	29	24	3	85	0	0	0
1	600	3	30	24	3	52	25	0	0
1	601	1	1	25	1	58	17	2	0
1	602	1	2	25	1	63	10	0	0
1	603	1	3	25	1	61	20	0	0
1	604	1	4	25	1	60	17	0	0
1	605	1	5	25	1	NA	NA	0	NA
1	606	1	6	25	1	68	18	0	0
1	607	1	7	25	1	78	22	0	0
1	608	1	8	25	1	67	27	0	0
1	609	1	9	25	1	65	21	0	0
1	610	1	10	25	1	61	23	0	0
1	611	2	11	25	2	70	18	3	0
1	612	2	12	25	2	24	29	0	0
1	613	2	13	25	2	43	26	1	0
1	614	2	14	25	2	97	16	0	0
1	615	2	15	25	2	66	21	0	0
1	616	2	16	25	2	65	13	1	0
1	617	2	17	25	2	60	17	1	0
1	618	2	18	25	2	112	19	0	0
1	619	2	19	25	2	74	19	0	0
1	620	2	20	25	2	63	28	0	0
1	621	3	21	25	3	58	24	0	0
1	622	3	22	25	3	NA	NA	0	NA
1	623	3	23	25	3	84	27	0	0
1	624	3	24	25	3	95	15	0	0
1	625	3	25	25	3	56	22	0	0
1	626	3	26	25	3	57	12	0	0
1	627	3	27	25	3	72	23	0	0
1	628	3	28	25	3	51	21	0	0
1	629	3	29	25	3	85	0	0	0
1	630	3	30	25	3	52	25	0	0
1	631	1	1	26	1	42	21	2	0
1	632	1	2	26	1	57	10	0	0
1	633	1	3	26	1	48	20	0	0
1	634	1	4	26	1	52	21	0	0
1	635	1	5	26	1	NA	NA	0	NA
1	636	1	6	26	1	49	19	1	0
1	637	1	7	26	1	62	22	0	0
1	638	1	8	26	1	57	27	0	0
1	639	1	9	26	1	58	21	0	0
1	640	1	10	26	1	45	27	0	0
1	641	2	11	26	2	68	18	3	0
1	642	2	12	26	2	23	29	1	0
1	643	2	13	26	2	43	26	1	0
1	644	2	14	26	2	87	16	0	0
1	645	2	15	26	2	46	21	0	0
1	646	2	16	26	2	52	12	2	0
1	647	2	17	26	2	53	20	1	0
1	648	2	18	26	2	112	19	0	0
1	649	2	19	26	2	58	19	0	0
1	650	2	20	26	2	56	28	0	0
1	651	3	21	26	3	51	23	1	0
1	652	3	22	26	3	NA	NA	0	NA
1	653	3	23	26	3	78	27	0	0
1	654	3	24	26	3	84	16	0	0
1	655	3	25	26	3	47	23	0	0
1	656	3	26	26	3	52	17	0	0
1	657	3	27	26	3	58	25	0	0
1	658	3	28	26	3	45	23	3	0
1	659	3	29	26	3	85	0	0	0
1	660	3	30	26	3	36	28	1	0
1	661	1	1	27	1	37	22	2	0
1	662	1	2	27	1	41	10	0	0
1	663	1	3	27	1	33	20	0	0
1	664	1	4	27	1	35	20	1	0
1	665	1	5	27	1	NA	NA	0	NA
1	666	1	6	27	1	32	18	3	0
1	667	1	7	27	1	58	26	0	0
1	668	1	8	27	1	44	30	0	0
1	669	1	9	27	1	45	22	0	0
1	670	1	10	27	1	34	30	0	0
1	671	2	11	27	2	47	23	3	0
1	672	2	12	27	2	17	29	1	0
1	673	2	13	27	2	43	23	4	0
1	674	2	14	27	2	74	17	0	0
1	675	2	15	27	2	32	21	0	0
1	676	2	16	27	2	49	17	2	0
1	677	2	17	27	2	48	21	1	0
1	678	2	18	27	2	108	23	0	0
1	679	2	19	27	2	42	19	0	0
1	680	2	20	27	2	51	28	0	0
1	681	3	21	27	3	49	21	3	0
1	682	3	22	27	3	NA	NA	0	NA
1	683	3	23	27	3	63	27	0	0
1	684	3	24	27	3	67	19	0	0
1	685	3	25	27	3	39	20	3	0
1	686	3	26	27	3	51	17	1	0
1	687	3	27	27	3	44	27	0	0
1	688	3	28	27	3	37	21	5	0
1	689	3	29	27	3	85	0	0	0
1	690	3	30	27	3	24	25	4	0
1	691	1	1	28	1	30	20	4	0
1	692	1	2	28	1	31	9	1	0
1	693	1	3	28	1	23	21	0	0
1	694	1	4	28	1	21	18	3	0
1	695	1	5	28	1	NA	NA	0	NA
1	696	1	6	28	1	28	17	4	0
1	697	1	7	28	1	49	26	0	0
1	698	1	8	28	1	34	29	1	0
1	699	1	9	28	1	35	23	0	0
1	700	1	10	28	1	29	29	1	0
1	701	2	11	28	2	32	21	5	0
1	702	2	12	28	2	11	26	4	0
1	703	2	13	28	2	43	22	4	0
1	704	2	14	28	2	70	19	0	0
1	705	2	15	28	2	18	21	0	0
1	706	2	16	28	2	46	16	3	0
1	707	2	17	28	2	41	21	1	0
1	708	2	18	28	2	108	23	0	0
1	709	2	19	28	2	34	19	0	0
1	710	2	20	28	2	48	27	1	0
1	711	3	21	28	3	47	21	3	0
1	712	3	22	28	3	NA	NA	0	NA
1	713	3	23	28	3	52	25	2	0
1	714	3	24	28	3	55	19	0	0
1	715	3	25	28	3	31	20	3	0
1	716	3	26	28	3	51	17	1	0
1	717	3	27	28	3	26	27	0	0
1	718	3	28	28	3	23	20	6	0
1	719	3	29	28	3	85	0	0	0
1	720	3	30	28	3	12	23	7	0
1	721	1	1	29	1	27	16	8	0
1	722	1	2	29	1	31	0	10	0
1	723	1	3	29	1	23	19	1	0
1	724	1	4	29	1	13	14	7	0
1	725	1	5	29	1	NA	NA	0	NA
1	726	1	6	29	1	24	10	11	0
1	727	1	7	29	1	40	24	2	0
1	728	1	8	29	1	31	27	3	0
1	729	1	9	29	1	35	22	1	0
1	730	1	10	29	1	24	26	4	0
1	731	2	11	29	2	43	17	10	0
1	732	2	12	29	2	7	18	12	0
1	733	2	13	29	2	36	24	5	0
1	734	2	14	29	2	53	14	5	0
1	735	2	15	29	2	12	17	6	0
1	736	2	16	29	2	46	16	3	0
1	737	2	17	29	2	22	23	1	0
1	738	2	18	29	2	97	23	0	0
1	739	2	19	29	2	29	19	0	0
1	740	2	20	29	2	43	20	8	0
1	741	3	21	29	3	42	16	8	0
1	742	3	22	29	3	NA	NA	0	NA
1	743	3	23	29	3	37	21	8	0
1	744	3	24	29	3	51	19	0	0
1	745	3	25	29	3	21	21	7	0
1	746	3	26	29	3	41	17	2	0
1	747	3	27	29	3	13	27	1	0
1	748	3	28	29	3	21	19	7	0
1	749	3	29	29	3	85	0	0	0
1	750	3	30	29	3	12	18	12	0
1	751	1	1	30	1	21	14	13	0
1	752	1	2	30	1	31	0	10	0
1	753	1	3	30	1	24	19	3	0
1	754	1	4	30	1	7	15	11	0
1	755	1	5	30	1	NA	NA	0	NA
1	756	1	6	30	1	30	6	15	0
1	757	1	7	30	1	40	21	5	0
1	758	1	8	30	1	36	28	6	0
1	759	1	9	30	1	31	22	2	0
1	760	1	10	30	1	20	21	9	0
1	761	2	11	30	2	41	18	10	0
1	762	2	12	30	2	7	16	14	0
1	763	2	13	30	2	27	22	8	0
1	764	2	14	30	2	45	16	5	0
1	765	2	15	30	2	10	14	8	0
1	766	2	16	30	2	34	14	5	0
1	767	2	17	30	2	17	18	6	0
1	768	2	18	30	2	86	20	4	0
1	769	2	19	30	2	25	16	3	0
1	770	2	20	30	2	34	17	11	0
1	771	3	21	30	3	38	16	8	0
1	772	3	22	30	3	NA	NA	0	NA
1	773	3	23	30	3	34	19	10	0
1	774	3	24	30	3	44	19	0	0
1	775	3	25	30	3	17	21	7	0
1	776	3	26	30	3	35	17	6	0
1	777	3	27	30	3	13	24	4	0
1	778	3	28	30	3	28	19	5	0
1	779	3	29	30	3	85	0	0	0
1	780	3	30	30	3	12	15	15	0
1	781	1	1	31	1	34	12	15	0
1	782	1	2	31	1	31	0	10	0
1	783	1	3	31	1	22	16	6	0
1	784	1	4	31	1	21	10	14	0
1	785	1	5	31	1	NA	NA	0	NA
1	786	1	6	31	1	32	4	19	0
1	787	1	7	31	1	29	25	9	0
1	788	1	8	31	1	41	24	10	0
1	789	1	9	31	1	39	21	3	0
1	790	1	10	31	1	36	18	12	0
1	791	2	11	31	2	31	21	12	0
1	792	2	12	31	2	17	16	14	0
1	793	2	13	31	2	30	22	9	0
1	794	2	14	31	2	35	12	9	0
1	795	2	15	31	2	13	10	13	0
1	796	2	16	31	2	30	16	8	0
1	797	2	17	31	2	16	14	10	0
1	798	2	18	31	2	74	20	6	0
1	799	2	19	31	2	35	13	9	0
1	800	2	20	31	2	27	19	13	0
1	801	3	21	31	3	42	13	12	0
1	802	3	22	31	3	NA	NA	0	NA
1	803	3	23	31	3	39	16	14	0
1	804	3	24	31	3	33	16	3	0
1	805	3	25	31	3	23	20	10	0
1	806	3	26	31	3	28	17	7	0
1	807	3	27	31	3	17	25	8	0
1	808	3	28	31	3	31	19	5	0
1	809	3	29	31	3	85	0	0	0
1	810	3	30	31	3	25	12	18	0
1	811	1	1	32	1	31	12	15	0
1	812	1	2	32	1	33	0	10	0
1	813	1	3	32	1	33	14	9	0
1	814	1	4	32	1	17	10	14	0
1	815	1	5	32	1	NA	NA	0	NA
1	816	1	6	32	1	42	4	19	0
1	817	1	7	32	1	32	23	12	0
1	818	1	8	32	1	25	24	11	0
1	819	1	9	32	1	35	19	5	0
1	820	1	10	32	1	36	20	12	0
1	821	2	11	32	2	36	21	12	0
1	822	2	12	32	2	15	14	16	0
1	823	2	13	32	2	38	21	10	0
1	824	2	14	32	2	38	12	9	0
1	825	2	15	32	2	23	10	13	0
1	826	2	16	32	2	35	15	9	0
1	827	2	17	32	2	20	12	12	0
1	828	2	18	32	2	63	17	9	0
1	829	2	19	32	2	35	10	12	0
1	830	2	20	32	2	30	18	14	0
1	831	3	21	32	3	43	12	13	0
1	832	3	22	32	3	NA	NA	0	NA
1	833	3	23	32	3	37	16	14	0
1	834	3	24	32	3	30	14	5	0
1	835	3	25	32	3	25	18	12	0
1	836	3	26	32	3	27	12	8	0
1	837	3	27	32	3	14	25	8	0
1	838	3	28	32	3	27	19	4	0
1	839	3	29	32	3	85	0	0	0
1	840	3	30	32	3	22	12	18	0
1	841	1	1	33	1	34	12	15	0
1	842	1	2	33	1	42	0	10	0
1	843	1	3	33	1	36	14	9	0
1	844	1	4	33	1	26	10	14	0
1	845	1	5	33	1	NA	NA	0	NA
1	846	1	6	33	1	47	4	19	0
1	847	1	7	33	1	32	23	12	0
1	848	1	8	33	1	31	24	11	0
1	849	1	9	33	1	33	18	6	0
1	850	1	10	33	1	29	19	15	0
1	851	2	11	33	2	28	19	14	0
1	852	2	12	33	2	20	16	18	0
1	853	2	13	33	2	32	20	11	0
1	854	2	14	33	2	38	11	10	0
1	855	2	15	33	2	23	10	13	0
1	856	2	16	33	2	38	14	10	0
1	857	2	17	33	2	26	10	14	0
1	858	2	18	33	2	55	18	13	0
1	859	2	19	33	2	30	12	12	0
1	860	2	20	33	2	27	17	15	0
1	861	3	21	33	3	43	12	13	0
1	862	3	22	33	3	NA	NA	0	NA
1	863	3	23	33	3	38	12	16	0
1	864	3	24	33	3	28	11	8	0
1	865	3	25	33	3	8	22	14	0
1	866	3	26	33	3	29	12	8	0
1	867	3	27	33	3	27	16	13	0
1	868	3	28	33	3	21	19	4	0
1	869	3	29	33	3	85	0	0	0
1	870	3	30	33	3	26	12	18	0
1	871	1	1	34	1	30	10	18	0
1	872	1	2	34	1	42	0	10	0
1	873	1	3	34	1	34	16	9	0
1	874	1	4	34	1	25	9	16	0
1	875	1	5	34	1	NA	NA	0	NA
1	876	1	6	34	1	37	4	19	0
1	877	1	7	34	1	32	23	14	0
1	878	1	8	34	1	27	22	13	0
1	879	1	9	34	1	36	16	8	0
1	880	1	10	34	1	39	16	17	0
1	881	2	11	34	2	33	17	16	0
1	882	2	12	34	2	20	16	18	0
1	883	2	13	34	2	38	16	13	0
1	884	2	14	34	2	34	12	11	0
1	885	2	15	34	2	22	10	13	0
1	886	2	16	34	2	36	14	11	0
1	887	2	17	34	2	23	8	16	0
1	888	2	18	34	2	58	18	13	0
1	889	2	19	34	2	29	9	13	0
1	890	2	20	34	2	17	18	15	0
1	891	3	21	34	3	35	10	15	0
1	892	3	22	34	3	NA	NA	0	NA
1	893	3	23	34	3	39	21	16	0
1	894	3	24	34	3	31	10	10	0
1	895	3	25	34	3	23	17	14	0
1	896	3	26	34	3	36	11	10	0
1	897	3	27	34	3	24	18	14	0
1	898	3	28	34	3	23	17	6	0
1	899	3	29	34	3	85	0	0	0
1	900	3	30	34	3	30	9	19	0
1	901	1	1	35	1	30	10	18	0
1	902	1	2	35	1	42	0	10	0
1	903	1	3	35	1	34	16	9	0
1	904	1	4	35	1	25	9	16	0
1	905	1	5	35	1	NA	NA	0	NA
1	906	1	6	35	1	37	4	19	0
1	907	1	7	35	1	32	23	14	0
1	908	1	8	35	1	27	22	13	0
1	909	1	9	35	1	36	16	8	0
1	910	1	10	35	1	39	16	17	0
1	911	2	11	35	2	33	17	16	0
1	912	2	12	35	2	20	16	18	0
1	913	2	13	35	2	38	16	13	0
1	914	2	14	35	2	34	12	11	0
1	915	2	15	35	2	22	10	13	0
1	916	2	16	35	2	36	14	11	0
1	917	2	17	35	2	23	8	16	0
1	918	2	18	35	2	58	18	13	0
1	919	2	19	35	2	29	9	13	0
1	920	2	20	35	2	17	18	15	0
1	921	3	21	35	3	35	10	15	0
1	922	3	22	35	3	NA	NA	0	NA
1	923	3	23	35	3	39	21	16	0
1	924	3	24	35	3	31	10	10	0
1	925	3	25	35	3	23	17	14	0
1	926	3	26	35	3	36	11	10	0
1	927	3	27	35	3	24	18	14	0
1	928	3	28	35	3	23	17	6	0
1	929	3	29	35	3	85	0	0	0
1	930	3	30	35	3	30	9	19	0
1	931	1	1	37	1	36	14	20	0
1	932	1	2	37	1	45	0	10	0
1	933	1	3	37	1	34	15	10	0
1	934	1	4	37	1	24	11	16	0
1	935	1	5	37	1	NA	NA	0	NA
1	936	1	6	37	1	42	4	20	0
1	937	1	7	37	1	25	23	14	0
1	938	1	8	37	1	35	22	13	0
1	939	1	9	37	1	44	19	9	0
1	940	1	10	37	1	37	18	17	0
1	941	2	11	37	2	38	18	16	0
1	942	2	12	37	2	27	16	18	0
1	943	2	13	37	2	40	16	14	0
1	944	2	14	37	2	37	12	11	0
1	945	2	15	37	2	34	7	16	0
1	946	2	16	37	2	43	15	12	0
1	947	2	17	37	2	25	11	16	0
1	948	2	18	37	2	53	16	16	0
1	949	2	19	37	2	32	11	13	0
1	950	2	20	37	2	30	15	18	0
1	951	3	21	37	3	43	10	15	0
1	952	3	22	37	3	NA	NA	0	NA
1	953	3	23	37	3	42	20	18	0
1	954	3	24	37	3	42	6	13	0
1	955	3	25	37	3	28	20	14	0
1	956	3	26	37	3	39	13	10	0
1	957	3	27	37	3	37	17	15	0
1	958	3	28	37	3	20	16	8	0
1	959	3	29	37	3	75	0	0	0
1	960	3	30	37	3	33	12	19	0
1	961	1	1	38	1	36	12	20	0
1	962	1	2	38	1	58	0	10	0
1	963	1	3	38	1	41	15	10	0
1	964	1	4	38	1	30	12	16	0
1	965	1	5	38	1	NA	NA	0	NA
1	966	1	6	38	1	47	4	20	0
1	967	1	7	38	1	25	22	15	0
1	968	1	8	38	1	27	30	15	0
1	969	1	9	38	1	43	14	9	0
1	970	1	10	38	1	37	18	17	0
1	971	2	11	38	2	40	18	16	0
1	972	2	12	38	2	27	16	18	0
1	973	2	13	38	2	36	16	14	0
1	974	2	14	38	2	37	12	11	0
1	975	2	15	38	2	32	7	16	0
1	976	2	16	38	2	43	15	12	0
1	977	2	17	38	2	35	9	16	0
1	978	2	18	38	2	37	16	16	0
1	979	2	19	38	2	44	11	14	0
1	980	2	20	38	2	30	14	19	0
1	981	3	21	38	3	29	10	15	0
1	982	3	22	38	3	NA	NA	0	NA
1	983	3	23	38	3	44	20	18	0
1	984	3	24	38	3	43	9	13	0
1	985	3	25	38	3	28	19	15	0
1	986	3	26	38	3	38	13	10	0
1	987	3	27	38	3	30	15	17	0
1	988	3	28	38	3	17	16	11	0
1	989	3	29	38	3	68	0	0	0
1	990	3	30	38	3	35	12	21	0
1	991	1	1	39	1	38	13	20	0
1	992	1	2	39	1	46	0	10	0
1	993	1	3	39	1	43	14	11	0
1	994	1	4	39	1	36	14	16	0
1	995	1	5	39	1	NA	NA	0	NA
1	996	1	6	39	1	41	6	20	0
1	997	1	7	39	1	33	22	15	0
1	998	1	8	39	1	41	30	15	0
1	999	1	9	39	1	46	13	10	0
1	1000	1	10	39	1	49	18	17	0
1	1001	2	11	39	2	37	19	16	0
1	1002	2	12	39	2	37	16	18	0
1	1003	2	13	39	2	34	16	14	0
1	1004	2	14	39	2	46	12	11	0
1	1005	2	15	39	2	35	6	17	0
1	1006	2	16	39	2	49	13	12	0
1	1007	2	17	39	2	43	8	16	0
1	1008	2	18	39	2	39	16	16	0
1	1009	2	19	39	2	47	11	14	0
1	1010	2	20	39	2	31	14	22	0
1	1011	3	21	39	3	41	11	15	0
1	1012	3	22	39	3	NA	NA	0	NA
1	1013	3	23	39	3	37	20	18	0
1	1014	3	24	39	3	33	9	13	0
1	1015	3	25	39	3	22	20	15	0
1	1016	3	26	39	3	35	14	10	0
1	1017	3	27	39	3	24	15	17	0
1	1018	3	28	39	3	16	17	11	0
1	1019	3	29	39	3	68	0	0	0
1	1020	3	30	39	3	37	14	23	0
1	1021	1	1	41	1	34	13	20	0
1	1022	1	2	41	1	50	2	10	0
1	1023	1	3	41	1	40	17	11	0
1	1024	1	4	41	1	21	14	16	0
1	1025	1	5	41	1	NA	NA	0	NA
1	1026	1	6	41	1	48	6	20	0
1	1027	1	7	41	1	41	22	15	0
1	1028	1	8	41	1	22	30	15	0
1	1029	1	9	41	1	49	24	11	0
1	1030	1	10	41	1	38	18	17	0
1	1031	2	11	41	2	33	20	16	0
1	1032	2	12	41	2	37	15	19	0
1	1033	2	13	41	2	38	16	13	0
1	1034	2	14	41	2	43	14	11	0
1	1035	2	15	41	2	42	4	19	0
1	1036	2	16	41	2	36	13	12	0
1	1037	2	17	41	2	40	12	16	0
1	1038	2	18	41	2	52	17	18	0
1	1039	2	19	41	2	33	18	14	0
1	1040	2	20	41	2	31	14	22	0
1	1041	3	21	41	3	42	11	15	0
1	1042	3	22	41	3	NA	NA	0	NA
1	1043	3	23	41	3	36	20	18	0
1	1044	3	24	41	3	33	9	13	0
1	1045	3	25	41	3	41	20	15	0
1	1046	3	26	41	3	37	13	11	0
1	1047	3	27	41	3	26	15	17	0
1	1048	3	28	41	3	18	18	11	0
1	1049	3	29	41	3	68	0	0	0
1	1050	3	30	41	3	34	14	23	0
1	1051	1	1	43	1	NA	NA	0	0
1	1052	1	2	43	1	NA	NA	0	0
1	1053	1	3	43	1	NA	NA	0	0
1	1054	1	4	43	1	NA	NA	0	0
1	1055	1	5	43	1	NA	NA	0	NA
1	1056	1	6	43	1	NA	NA	0	0
1	1057	1	7	43	1	NA	NA	0	0
1	1058	1	8	43	1	NA	NA	0	0
1	1059	1	9	43	1	NA	NA	0	0
1	1060	1	10	43	1	NA	NA	0	0
1	1061	2	11	43	2	NA	NA	0	0
1	1062	2	12	43	2	NA	NA	0	0
1	1063	2	13	43	2	NA	NA	0	0
1	1064	2	14	43	2	NA	NA	0	0
1	1065	2	15	43	2	NA	NA	0	0
1	1066	2	16	43	2	NA	NA	0	0
1	1067	2	17	43	2	NA	NA	0	0
1	1068	2	18	43	2	NA	NA	0	0
1	1069	2	19	43	2	NA	NA	0	0
1	1070	2	20	43	2	NA	NA	0	0
1	1071	3	21	43	3	NA	NA	0	0
1	1072	3	22	43	3	NA	NA	0	NA
1	1073	3	23	43	3	NA	NA	0	0
1	1074	3	24	43	3	NA	NA	0	0
1	1075	3	25	43	3	NA	NA	0	0
1	1076	3	26	43	3	NA	NA	0	0
1	1077	3	27	43	3	NA	NA	0	0
1	1078	3	28	43	3	NA	NA	0	0
1	1079	3	29	43	3	NA	NA	0	0
1	1080	3	30	43	3	NA	NA	0	0
1	1081	1	1	44	1	48	13	20	0
1	1082	1	2	44	1	58	2	10	0
1	1083	1	3	44	1	36	17	11	0
1	1084	1	4	44	1	35	14	16	0
1	1085	1	5	44	1	NA	NA	0	NA
1	1086	1	6	44	1	45	6	20	0
1	1087	1	7	44	1	36	22	15	0
1	1088	1	8	44	1	26	27	18	0
1	1089	1	9	44	1	49	24	11	0
1	1090	1	10	44	1	38	18	17	0
1	1091	2	11	44	2	36	20	16	0
1	1092	2	12	44	2	37	15	19	0
1	1093	2	13	44	2	44	18	13	0
1	1094	2	14	44	2	30	15	11	0
1	1095	2	15	44	2	38	4	19	0
1	1096	2	16	44	2	39	16	12	0
1	1097	2	17	44	2	31	12	16	0
1	1098	2	18	44	2	43	17	18	0
1	1099	2	19	44	2	33	18	14	0
1	1100	2	20	44	2	31	14	22	0
1	1101	3	21	44	3	34	14	16	0
1	1102	3	22	44	3	NA	NA	0	NA
1	1103	3	23	44	3	34	22	18	0
1	1104	3	24	44	3	33	9	14	0
1	1105	3	25	44	3	35	24	15	0
1	1106	3	26	44	3	43	13	11	0
1	1107	3	27	44	3	27	15	17	0
1	1108	3	28	44	3	16	18	11	0
1	1109	3	29	44	3	68	0	0	0
1	1110	3	30	44	3	35	14	23	0
1	1111	1	1	45	1	53	14	18	0
1	1112	1	2	45	1	70	2	10	0
1	1113	1	3	45	1	27	18	11	0
1	1114	1	4	45	1	31	14	16	0
1	1115	1	5	45	1	NA	NA	0	NA
1	1116	1	6	45	1	52	6	20	0
1	1117	1	7	45	1	34	23	16	0
1	1118	1	8	45	1	31	27	18	0
1	1119	1	9	45	1	45	24	11	0
1	1120	1	10	45	1	33	18	17	0
1	1121	2	11	45	2	40	20	16	0
1	1122	2	12	45	2	37	15	19	0
1	1123	2	13	45	2	46	20	13	0
1	1124	2	14	45	2	28	15	11	0
1	1125	2	15	45	2	38	4	19	0
1	1126	2	16	45	2	33	16	12	0
1	1127	2	17	45	2	36	12	16	0
1	1128	2	18	45	2	52	17	18	0
1	1129	2	19	45	2	39	18	14	0
1	1130	2	20	45	2	33	14	22	0
1	1131	3	21	45	3	37	14	16	0
1	1132	3	22	45	3	NA	NA	0	NA
1	1133	3	23	45	3	33	22	18	0
1	1134	3	24	45	3	35	9	16	0
1	1135	3	25	45	3	35	24	15	0
1	1136	3	26	45	3	40	13	11	0
1	1137	3	27	45	3	43	13	17	0
1	1138	3	28	45	3	20	18	9	0
1	1139	3	29	45	3	64	0	0	0
1	1140	3	30	45	3	42	14	23	0
1	1141	1	1	46	1	45	14	18	0
1	1142	1	2	46	1	70	2	10	0
1	1143	1	3	46	1	35	18	12	0
1	1144	1	4	46	1	39	14	16	0
1	1145	1	5	46	1	NA	NA	0	NA
1	1146	1	6	46	1	66	6	20	0
1	1147	1	7	46	1	36	24	16	0
1	1148	1	8	46	1	37	27	18	0
1	1149	1	9	46	1	41	24	11	0
1	1150	1	10	46	1	35	18	17	0
1	1151	2	11	46	2	38	20	16	0
1	1152	2	12	46	2	33	15	19	0
1	1153	2	13	46	2	49	20	13	0
1	1154	2	14	46	2	32	17	12	0
1	1155	2	15	46	2	35	7	19	0
1	1156	2	16	46	2	32	16	12	0
1	1157	2	17	46	2	40	12	17	0
1	1158	2	18	46	2	50	17	18	0
1	1159	2	19	46	2	33	18	14	0
1	1160	2	20	46	2	28	14	22	0
1	1161	3	21	46	3	32	14	16	0
1	1162	3	22	46	3	NA	NA	0	NA
1	1163	3	23	46	3	38	22	18	0
1	1164	3	24	46	3	40	9	16	0
1	1165	3	25	46	3	39	24	15	0
1	1166	3	26	46	3	40	13	11	0
1	1167	3	27	46	3	37	13	17	0
1	1168	3	28	46	3	20	18	9	0
1	1169	3	29	46	3	64	0	0	0
1	1170	3	30	46	3	30	14	23	0
1	1171	1	1	47	1	39	14	18	0
1	1172	1	2	47	1	70	2	10	0
1	1173	1	3	47	1	35	18	12	0
1	1174	1	4	47	1	36	14	16	0
1	1175	1	5	47	1	NA	NA	0	NA
1	1176	1	6	47	1	75	6	20	0
1	1177	1	7	47	1	36	23	17	0
1	1178	1	8	47	1	45	27	18	0
1	1179	1	9	47	1	41	24	11	0
1	1180	1	10	47	1	46	20	18	0
1	1181	2	11	47	2	38	20	16	0
1	1182	2	12	47	2	33	15	19	0
1	1183	2	13	47	2	49	20	12	1
1	1184	2	14	47	2	38	17	12	0
1	1185	2	15	47	2	39	8	19	0
1	1186	2	16	47	2	37	16	12	0
1	1187	2	17	47	2	40	12	18	0
1	1188	2	18	47	2	50	16	19	0
1	1189	2	19	47	2	33	18	14	0
1	1190	2	20	47	2	28	14	22	0
1	1191	3	21	47	3	28	14	16	0
1	1192	3	22	47	3	NA	NA	0	NA
1	1193	3	23	47	3	38	22	18	0
1	1194	3	24	47	3	40	9	16	0
1	1195	3	25	47	3	35	24	15	0
1	1196	3	26	47	3	38	13	12	0
1	1197	3	27	47	3	35	15	17	0
1	1198	3	28	47	3	21	18	9	0
1	1199	3	29	47	3	64	0	0	0
1	1200	3	30	47	3	28	17	23	0
1	1201	1	1	49	1	39	16	18	0
1	1202	1	2	49	1	65	2	10	0
1	1203	1	3	49	1	30	18	12	0
1	1204	1	4	49	1	34	14	16	0
1	1205	1	5	49	1	NA	NA	0	NA
1	1206	1	6	49	1	68	6	20	0
1	1207	1	7	49	1	36	23	17	0
1	1208	1	8	49	1	45	27	18	0
1	1209	1	9	49	1	44	24	11	0
1	1210	1	10	49	1	46	20	18	0
1	1211	2	11	49	2	38	20	12	4
1	1212	2	12	49	2	33	15	19	0
1	1213	2	13	49	2	38	21	11	3
1	1214	2	14	49	2	36	17	12	0
1	1215	2	15	49	2	39	8	19	0
1	1216	2	16	49	2	33	16	11	1
1	1217	2	17	49	2	43	12	17	1
1	1218	2	18	49	2	44	16	19	0
1	1219	2	19	49	2	33	18	14	0
1	1220	2	20	49	2	38	14	22	0
1	1221	3	21	49	3	36	14	16	0
1	1222	3	22	49	3	NA	NA	0	NA
1	1223	3	23	49	3	38	22	17	1
1	1224	3	24	49	3	33	9	16	0
1	1225	3	25	49	3	35	24	15	0
1	1226	3	26	49	3	38	13	12	0
1	1227	3	27	49	3	35	15	17	0
1	1228	3	28	49	3	17	18	7	1
1	1229	3	29	49	3	76	0	0	0
1	1230	3	30	49	3	25	17	23	0
1	1231	1	1	50	1	43	18	15	3
1	1232	1	2	50	1	65	2	10	0
1	1233	1	3	50	1	30	18	12	0
1	1234	1	4	50	1	34	15	16	0
1	1235	1	5	50	1	NA	NA	0	NA
1	1236	1	6	50	1	63	6	20	0
1	1237	1	7	50	1	36	22	18	0
1	1238	1	8	50	1	45	27	18	0
1	1239	1	9	50	1	44	24	11	0
1	1240	1	10	50	1	41	20	18	0
1	1241	2	11	50	2	38	20	12	4
1	1242	2	12	50	2	30	16	18	1
1	1243	2	13	50	2	27	21	11	3
1	1244	2	14	50	2	36	17	12	0
1	1245	2	15	50	2	34	8	19	0
1	1246	2	16	50	2	30	19	11	1
1	1247	2	17	50	2	37	12	17	1
1	1248	2	18	50	2	39	16	19	0
1	1249	2	19	50	2	35	20	14	0
1	1250	2	20	50	2	38	14	22	0
1	1251	3	21	50	3	35	15	16	0
1	1252	3	22	50	3	NA	NA	0	NA
1	1253	3	23	50	3	34	22	17	1
1	1254	3	24	50	3	27	9	16	0
1	1255	3	25	50	3	35	24	15	0
1	1256	3	26	50	3	36	13	12	0
1	1257	3	27	50	3	33	15	17	0
1	1258	3	28	50	3	14	21	7	1
1	1259	3	29	50	3	60	0	0	0
1	1260	3	30	50	3	25	17	23	0
1	1261	1	1	53	1	37	20	11	7
1	1262	1	2	53	1	52	6	5	5
1	1263	1	3	53	1	30	18	11	1
1	1264	1	4	53	1	42	15	13	3
1	1265	1	5	53	1	NA	NA	0	NA
1	1266	1	6	53	1	48	7	12	8
1	1267	1	7	53	1	30	21	18	1
1	1268	1	8	53	1	28	27	15	3
1	1269	1	9	53	1	26	16	10	1
1	1270	1	10	53	1	38	20	18	0
1	1271	2	11	53	2	20	24	8	8
1	1272	2	12	53	2	35	16	12	7
1	1273	2	13	53	2	31	21	7	6
1	1274	2	14	53	2	34	17	9	3
1	1275	2	15	53	2	42	8	15	4
1	1276	2	16	53	2	24	21	9	3
1	1277	2	17	53	2	33	16	15	1
1	1278	2	18	53	2	39	16	18	1
1	1279	2	19	53	2	35	20	14	0
1	1280	2	20	53	2	38	14	20	2
1	1281	3	21	53	3	29	21	11	5
1	1282	3	22	53	3	NA	NA	0	NA
1	1283	3	23	53	3	30	22	12	6
1	1284	3	24	53	3	27	9	16	0
1	1285	3	25	53	3	35	24	12	4
1	1286	3	26	53	3	31	18	8	4
1	1287	3	27	53	3	26	15	17	0
1	1288	3	28	53	3	10	24	5	4
1	1289	3	29	53	3	48	0	0	0
1	1290	3	30	53	3	25	17	16	7
1	1291	1	1	54	1	35	22	11	7
1	1292	1	2	54	1	48	6	2	8
1	1293	1	3	54	1	30	18	11	1
1	1294	1	4	54	1	42	15	9	7
1	1295	1	5	54	1	NA	NA	0	NA
1	1296	1	6	54	1	43	7	8	12
1	1297	1	7	54	1	27	21	16	3
1	1298	1	8	54	1	24	27	14	4
1	1299	1	9	54	1	22	16	9	2
1	1300	1	10	54	1	38	20	14	4
1	1301	2	11	54	2	20	24	8	8
1	1302	2	12	54	2	32	16	9	10
1	1303	2	13	54	2	29	23	7	6
1	1304	2	14	54	2	34	17	8	4
1	1305	2	15	54	2	38	8	12	7
1	1306	2	16	54	2	24	20	10	3
1	1307	2	17	54	2	28	16	14	2
1	1308	2	18	54	2	35	18	18	1
1	1309	2	19	54	2	35	20	14	0
1	1310	2	20	54	2	38	14	17	5
1	1311	3	21	54	3	27	21	8	8
1	1312	3	22	54	3	NA	NA	0	NA
1	1313	3	23	54	3	30	22	10	8
1	1314	3	24	54	3	27	9	16	0
1	1315	3	25	54	3	35	24	10	6
1	1316	3	26	54	3	31	18	8	4
1	1317	3	27	54	3	24	15	16	1
1	1318	3	28	54	3	5	24	5	4
1	1319	3	29	54	3	45	0	0	0
1	1320	3	30	54	3	25	17	12	11
1	1321	1	1	56	1	36	24	10	8
1	1322	1	2	56	1	46	8	0	10
1	1323	1	3	56	1	26	20	10	2
1	1324	1	4	56	1	39	15	6	10
1	1325	1	5	56	1	NA	NA	0	NA
1	1326	1	6	56	1	45	9	4	16
1	1327	1	7	56	1	23	21	11	8
1	1328	1	8	56	1	24	32	13	5
1	1329	1	9	56	1	24	20	8	3
1	1330	1	10	56	1	38	20	9	9
1	1331	2	11	56	2	20	24	8	8
1	1332	2	12	56	2	32	16	7	12
1	1333	2	13	56	2	35	25	4	9
1	1334	2	14	56	2	29	17	4	8
1	1335	2	15	56	2	34	8	10	9
1	1336	2	16	56	2	24	20	8	5
1	1337	2	17	56	2	28	16	13	5
1	1338	2	18	56	2	35	18	16	3
1	1339	2	19	56	2	31	20	12	2
1	1340	2	20	56	2	40	14	12	10
1	1341	3	21	56	3	27	21	8	8
1	1342	3	22	56	3	NA	NA	0	NA
1	1343	3	23	56	3	30	22	10	8
1	1344	3	24	56	3	27	9	16	0
1	1345	3	25	56	3	35	24	10	6
1	1346	3	26	56	3	31	18	8	4
1	1347	3	27	56	3	24	15	16	1
1	1348	3	28	56	3	5	24	5	4
1	1349	3	29	56	3	39	0	0	0
1	1350	3	30	56	3	25	17	12	11
1	1351	1	1	58	1	36	24	4	14
1	1352	1	2	58	1	40	13	0	10
1	1353	1	3	58	1	29	20	6	6
1	1354	1	4	58	1	33	21	2	14
1	1355	1	5	58	1	NA	NA	0	NA
1	1356	1	6	58	1	38	14	2	18
1	1357	1	7	58	1	23	21	11	8
1	1358	1	8	58	1	20	39	10	8
1	1359	1	9	58	1	24	20	6	5
1	1360	1	10	58	1	34	24	5	13
1	1361	2	11	58	2	21	28	4	12
1	1362	2	12	58	2	32	16	7	12
1	1363	2	13	58	2	36	29	4	9
1	1364	2	14	58	2	29	17	3	9
1	1365	2	15	58	2	34	8	6	11
1	1366	2	16	58	2	24	20	5	8
1	1367	2	17	58	2	38	18	5	11
1	1368	2	18	58	2	32	25	13	6
1	1369	2	19	58	2	31	20	7	6
1	1370	2	20	58	2	35	14	10	12
1	1371	3	21	58	3	18	21	5	11
1	1372	3	22	58	3	NA	NA	0	NA
1	1373	3	23	58	3	28	24	5	13
1	1374	3	24	58	3	27	9	11	4
1	1375	3	25	58	3	32	27	5	10
1	1376	3	26	58	3	31	18	5	7
1	1377	3	27	58	3	24	15	10	7
1	1378	3	28	58	3	5	24	5	4
1	1379	3	29	58	3	32	0	0	0
1	1380	3	30	58	3	23	19	5	18
1	1381	1	1	60	1	29	24	3	15
1	1382	1	2	60	1	27	26	0	10
1	1383	1	3	60	1	13	32	3	9
1	1384	1	4	60	1	26	21	2	14
1	1385	1	5	60	1	NA	NA	0	NA
1	1386	1	6	60	1	20	24	1	19
1	1387	1	7	60	1	14	23	6	13
1	1388	1	8	60	1	18	39	5	13
1	1389	1	9	60	1	9	25	4	8
1	1390	1	10	60	1	27	24	3	15
1	1391	2	11	60	2	19	28	2	14
1	1392	2	12	60	2	8	16	2	17
1	1393	2	13	60	2	25	29	1	12
1	1394	2	14	60	2	10	20	2	10
1	1395	2	15	60	2	22	13	5	13
1	1396	2	16	60	2	12	20	4	9
1	1397	2	17	60	2	16	18	3	13
1	1398	2	18	60	2	20	32	7	12
1	1399	2	19	60	2	20	27	2	11
1	1400	2	20	60	2	30	19	8	14
1	1401	3	21	60	3	9	26	3	13
1	1402	3	22	60	3	NA	NA	0	NA
1	1403	3	23	60	3	13	28	2	16
1	1404	3	24	60	3	32	17	4	12
1	1405	3	25	60	3	18	33	2	13
1	1406	3	26	60	3	17	28	4	8
1	1407	3	27	60	3	12	15	6	11
1	1408	3	28	60	3	12	29	3	5
1	1409	3	29	60	3	20	0	0	0
1	1410	3	30	60	3	13	19	5	18
1	1411	1	1	62	1	22	24	3	15
1	1412	1	2	62	1	24	26	0	10
1	1413	1	3	62	1	10	38	3	9
1	1414	1	4	62	1	11	21	2	14
1	1415	1	5	62	1	NA	NA	0	NA
1	1416	1	6	62	1	12	24	0	20
1	1417	1	7	62	1	12	25	4	15
1	1418	1	8	62	1	17	39	4	14
1	1419	1	9	62	1	6	28	4	8
1	1420	1	10	62	1	21	27	1	17
1	1421	2	11	62	2	13	34	2	14
1	1422	2	12	62	2	12	23	1	18
1	1423	2	13	62	2	14	32	0	13
1	1424	2	14	62	2	10	20	1	11
1	1425	2	15	62	2	16	15	2	16
1	1426	2	16	62	2	12	20	1	12
1	1427	2	17	62	2	16	21	1	16
1	1428	2	18	62	2	20	32	4	15
1	1429	2	19	62	2	11	36	1	12
1	1430	2	20	62	2	16	23	6	16
1	1431	3	21	62	3	3	26	1	15
1	1432	3	22	62	3	NA	NA	0	NA
1	1433	3	23	62	3	13	28	2	16
1	1434	3	24	62	3	23	17	3	14
1	1435	3	25	62	3	18	33	1	14
1	1436	3	26	62	3	10	28	2	10
1	1437	3	27	62	3	12	15	4	13
1	1438	3	28	62	3	10	29	2	6
1	1439	3	29	62	3	18	0	0	0
1	1440	3	30	62	3	2	30	3	20
1	1441	1	1	64	1	10	38	0	18
1	1442	1	2	64	1	12	39	0	10
1	1443	1	3	64	1	8	44	2	10
1	1444	1	4	64	1	8	29	0	16
1	1445	1	5	64	1	NA	NA	0	NA
1	1446	1	6	64	1	6	32	0	20
1	1447	1	7	64	1	12	25	4	15
1	1448	1	8	64	1	15	41	3	15
1	1449	1	9	64	1	3	31	4	8
1	1450	1	10	64	1	12	41	1	17
1	1451	2	11	64	2	3	42	0	16
1	1452	2	12	64	2	5	30	1	18
1	1453	2	13	64	2	13	37	0	13
1	1454	2	14	64	2	8	22	1	11
1	1455	2	15	64	2	10	20	2	17
1	1456	2	16	64	2	8	20	0	13
1	1457	2	17	64	2	12	31	1	16
1	1458	2	18	64	2	11	40	3	16
1	1459	2	19	64	2	7	38	0	13
1	1460	2	20	64	2	16	23	4	18
1	1461	3	21	64	3	5	34	0	16
1	1462	3	22	64	3	NA	NA	0	NA
1	1463	3	23	64	3	13	28	2	16
1	1464	3	24	64	3	10	30	1	16
1	1465	3	25	64	3	2	43	1	14
1	1466	3	26	64	3	5	33	2	10
1	1467	3	27	64	3	9	15	3	14
1	1468	3	28	64	3	6	29	1	7
1	1469	3	29	64	3	11	0	0	0
1	1470	3	30	64	3	9	30	2	21
1	1471	1	1	66	1	3	38	0	18
1	1472	1	2	66	1	7	39	0	10
1	1473	1	3	66	1	6	44	2	10
1	1474	1	4	66	1	3	34	0	16
1	1475	1	5	66	1	NA	NA	0	NA
1	1476	1	6	66	1	0	38	0	20
1	1477	1	7	66	1	7	32	2	17
1	1478	1	8	66	1	10	46	2	16
1	1479	1	9	66	1	0	34	4	8
1	1480	1	10	66	1	12	41	1	17
1	1481	2	11	66	2	0	42	0	16
1	1482	2	12	66	2	2	33	1	18
1	1483	2	13	66	2	9	41	0	13
1	1484	2	14	66	2	6	29	1	11
1	1485	2	15	66	2	5	30	1	18
1	1486	2	16	66	2	1	27	0	13
1	1487	2	17	66	2	4	31	0	17
1	1488	2	18	66	2	3	40	3	16
1	1489	2	19	66	2	3	42	0	13
1	1490	2	20	66	2	10	29	1	21
1	1491	3	21	66	3	0	34	0	16
1	1492	3	22	66	3	NA	NA	0	NA
1	1493	3	23	66	3	7	34	2	16
1	1494	3	24	66	3	6	30	1	16
1	1495	3	25	66	3	6	45	0	15
1	1496	3	26	66	3	0	38	2	10
1	1497	3	27	66	3	10	24	1	16
1	1498	3	28	66	3	8	29	1	7
1	1499	3	29	66	3	3	0	0	0
1	1500	3	30	66	3	9	30	0	23
1	1501	1	1	68	1	0	41	0	18
1	1502	1	2	68	1	1	39	0	10
1	1503	1	3	68	1	2	44	1	11
1	1504	1	4	68	1	0	34	0	16
1	1505	1	5	68	1	NA	NA	0	NA
1	1506	1	6	68	1	0	38	0	20
1	1507	1	7	68	1	2	36	2	17
1	1508	1	8	68	1	10	46	2	16
1	1509	1	9	68	1	0	34	2	10
1	1510	1	10	68	1	0	44	0	18
1	1511	2	11	68	2	0	42	0	16
1	1512	2	12	68	2	0	35	0	19
1	1513	2	13	68	2	9	41	0	13
1	1514	2	14	68	2	4	29	1	11
1	1515	2	15	68	2	3	30	0	19
1	1516	2	16	68	2	1	27	0	13
1	1517	2	17	68	2	1	31	0	17
1	1518	2	18	68	2	2	40	1	18
1	1519	2	19	68	2	0	45	0	13
1	1520	2	20	68	2	6	33	0	22
1	1521	3	21	68	3	0	34	0	16
1	1522	3	22	68	3	NA	NA	0	NA
1	1523	3	23	68	3	3	40	2	16
1	1524	3	24	68	3	0	36	0	17
1	1525	3	25	68	3	2	45	0	15
1	1526	3	26	68	3	0	38	1	11
1	1527	3	27	68	3	8	32	1	16
1	1528	3	28	68	3	5	29	1	7
1	1529	3	29	68	3	0	0	0	0
1	1530	3	30	68	3	0	39	0	23
1	1531	1	1	70	1	0	41	0	18
1	1532	1	2	70	1	0	40	0	10
1	1533	1	3	70	1	2	44	1	11
1	1534	1	4	70	1	0	34	0	16
1	1535	1	5	70	1	NA	NA	0	NA
1	1536	1	6	70	1	0	38	0	20
1	1537	1	7	70	1	2	36	1	18
1	1538	1	8	70	1	8	48	0	18
1	1539	1	9	70	1	0	34	1	11
1	1540	1	10	70	1	0	44	0	18
1	1541	2	11	70	2	0	42	0	16
1	1542	2	12	70	2	0	35	0	19
1	1543	2	13	70	2	5	45	0	13
1	1544	2	14	70	2	4	29	1	11
1	1545	2	15	70	2	0	30	0	19
1	1546	2	16	70	2	0	27	0	13
1	1547	2	17	70	2	1	31	0	17
1	1548	2	18	70	2	2	40	1	18
1	1549	2	19	70	2	0	45	0	13
1	1550	2	20	70	2	4	33	0	22
1	1551	3	21	70	3	0	34	0	16
1	1552	3	22	70	3	NA	NA	0	NA
1	1553	3	23	70	3	3	40	2	16
1	1554	3	24	70	3	0	36	0	17
1	1555	3	25	70	3	0	45	0	15
1	1556	3	26	70	3	0	38	1	11
1	1557	3	27	70	3	5	32	1	16
1	1558	3	28	70	3	5	29	1	7
1	1559	3	29	70	3	0	0	0	0
1	1560	3	30	70	3	0	39	0	23
1	1561	1	1	72	1	0	41	0	18
1	1562	1	2	72	1	0	40	0	10
1	1563	1	3	72	1	0	46	1	11
1	1564	1	4	72	1	0	34	0	16
1	1565	1	5	72	1	NA	NA	0	NA
1	1566	1	6	72	1	0	38	0	20
1	1567	1	7	72	1	0	36	1	18
1	1568	1	8	72	1	4	52	0	18
1	1569	1	9	72	1	0	34	1	11
1	1570	1	10	72	1	0	44	0	18
1	1571	2	11	72	2	0	42	0	16
1	1572	2	12	72	2	0	35	0	19
1	1573	2	13	72	2	2	45	0	13
1	1574	2	14	72	2	1	32	0	12
1	1575	2	15	72	2	0	30	0	19
1	1576	2	16	72	2	0	27	0	13
1	1577	2	17	72	2	0	32	0	17
1	1578	2	18	72	2	0	42	1	18
1	1579	2	19	72	2	0	45	0	13
1	1580	2	20	72	2	4	33	0	21
1	1581	3	21	72	3	0	34	0	16
1	1582	3	22	72	3	NA	NA	0	NA
1	1583	3	23	72	3	3	40	2	16
1	1584	3	24	72	3	0	36	0	17
1	1585	3	25	72	3	0	45	0	15
1	1586	3	26	72	3	0	38	1	11
1	1587	3	27	72	3	2	34	0	17
1	1588	3	28	72	3	5	29	1	6
1	1589	3	29	72	3	0	0	0	0
1	1590	3	30	72	3	0	39	0	23
1	1591	1	1	74	1	0	41	0	18
1	1592	1	2	74	1	0	40	0	10
1	1593	1	3	74	1	0	46	1	11
1	1594	1	4	74	1	0	34	0	16
1	1595	1	5	74	1	NA	NA	0	NA
1	1596	1	6	74	1	0	38	0	20
1	1597	1	7	74	1	0	36	0	18
1	1598	1	8	74	1	0	52	0	18
1	1599	1	9	74	1	0	34	1	11
1	1600	1	10	74	1	0	44	0	18
1	1601	2	11	74	2	0	42	0	16
1	1602	2	12	74	2	0	35	0	19
1	1603	2	13	74	2	0	45	0	13
1	1604	2	14	74	2	0	32	0	12
1	1605	2	15	74	2	0	30	0	19
1	1606	2	16	74	2	0	27	0	13
1	1607	2	17	74	2	0	32	0	17
1	1608	2	18	74	2	0	42	0	19
1	1609	2	19	74	2	0	45	0	13
1	1610	2	20	74	2	0	36	0	21
1	1611	3	21	74	3	0	34	0	16
1	1612	3	22	74	3	NA	NA	0	NA
1	1613	3	23	74	3	3	40	2	16
1	1614	3	24	74	3	0	36	0	17
1	1615	3	25	74	3	0	45	0	15
1	1616	3	26	74	3	0	38	1	11
1	1617	3	27	74	3	0	34	0	17
1	1618	3	28	74	3	5	29	1	6
1	1619	3	29	74	3	0	0	0	0
1	1620	3	30	74	3	0	39	0	23
1	1621	1	1	76	1	0	41	0	18
1	1622	1	2	76	1	0	40	0	10
1	1623	1	3	76	1	0	46	0	12
1	1624	1	4	76	1	0	34	0	16
1	1625	1	5	76	1	NA	NA	0	NA
1	1626	1	6	76	1	0	38	0	20
1	1627	1	7	76	1	0	36	0	18
1	1628	1	8	76	1	0	52	0	18
1	1629	1	9	76	1	0	34	1	11
1	1630	1	10	76	1	0	44	0	18
1	1631	2	11	76	2	0	42	0	16
1	1632	2	12	76	2	0	35	0	19
1	1633	2	13	76	2	3	45	0	13
1	1634	2	14	76	2	0	32	0	12
1	1635	2	15	76	2	0	30	0	19
1	1636	2	16	76	2	0	27	0	13
1	1637	2	17	76	2	0	32	0	17
1	1638	2	18	76	2	0	42	0	19
1	1639	2	19	76	2	0	45	0	13
1	1640	2	20	76	2	0	36	0	21
1	1641	3	21	76	3	0	34	0	16
1	1642	3	22	76	3	NA	NA	0	NA
1	1643	3	23	76	3	2	40	2	17
1	1644	3	24	76	3	2	36	0	17
1	1645	3	25	76	3	0	45	0	15
1	1646	3	26	76	3	0	38	1	11
1	1647	3	27	76	3	0	34	0	17
1	1648	3	28	76	3	12	29	1	6
1	1649	3	29	76	3	0	0	0	0
1	1650	3	30	76	3	0	39	0	23
2	1651	1	1	77	4	0	30	0	18
2	1652	1	2	77	4	0	20	0	10
2	1653	1	3	77	4	0	27	0	12
2	1654	1	4	77	4	0	20	0	15
2	1655	1	5	77	4	NA	NA	NA	NA
2	1656	1	6	77	4	0	25	0	19
2	1657	1	7	77	4	0	28	0	18
2	1658	1	8	77	4	0	30	0	17
2	1659	1	9	77	4	0	28	0	11
2	1660	1	10	77	4	0	30	0	17
2	1661	2	11	77	5	0	25	0	16
2	1662	2	12	77	5	0	30	0	18
2	1663	2	13	77	5	0	25	0	13
2	1664	2	14	77	5	0	20	0	12
2	1665	2	15	77	5	0	25	0	17
2	1666	2	16	77	5	0	25	0	12
2	1667	2	17	77	5	0	23	0	16
2	1668	2	18	77	5	0	25	0	19
2	1669	2	19	77	5	0	35	0	13
2	1670	2	20	77	5	0	30	0	20
2	1671	3	21	77	6	0	31	0	16
2	1672	3	22	77	6	NA	NA	NA	NA
2	1673	3	23	77	6	0	30	0	17
2	1674	3	24	77	6	0	25	0	14
2	1675	3	25	77	6	0	40	0	15
2	1676	3	26	77	6	0	30	0	11
2	1677	3	27	77	6	0	25	0	16
2	1678	3	28	77	6	0	20	0	6
2	1679	3	29	77	6	0	0	0	0
2	1680	3	30	77	6	0	35	0	21
2	1681	1	1	78	4	0	25	0	14
2	1682	1	2	78	4	0	15	0	3
2	1683	1	3	78	4	8	0	0	1
2	1684	1	4	78	4	0	15	0	8
2	1685	1	5	78	4	NA	NA	NA	NA
2	1686	1	6	78	4	0	25	0	19
2	1687	1	7	78	4	0	15	0	13
2	1688	1	8	78	4	0	20	0	14
2	1689	1	9	78	4	0	28	0	5
2	1690	1	10	78	4	0	20	0	10
2	1691	2	11	78	5	0	15	0	12
2	1692	2	12	78	5	0	20	0	18
2	1693	2	13	78	5	0	20	0	11
2	1694	2	14	78	5	0	20	0	10
2	1695	2	15	78	5	0	10	0	17
2	1696	2	16	78	5	0	10	0	11
2	1697	2	17	78	5	0	15	0	14
2	1698	2	18	78	5	0	15	0	18
2	1699	2	19	78	5	0	15	0	2
2	1700	2	20	78	5	0	10	0	7
2	1701	3	21	78	6	0	20	0	16
2	1702	3	22	78	6	NA	NA	NA	NA
2	1703	3	23	78	6	0	30	0	18
2	1704	3	24	78	6	0	20	1	14
2	1705	3	25	78	6	0	20	0	15
2	1706	3	26	78	6	0	20	0	11
2	1707	3	27	78	6	0	10	0	16
2	1708	3	28	78	6	0	10	0	7
2	1709	3	29	78	6	20	0	0	0
2	1710	3	30	78	6	0	10	0	16
2	1711	1	1	79	4	NA	NA	14	14
2	1712	1	2	79	4	NA	NA	5	9
2	1713	1	3	79	4	NA	NA	0	1
2	1714	1	4	79	4	NA	NA	10	11
2	1715	1	5	79	4	NA	NA	NA	NA
2	1716	1	6	79	4	NA	NA	4	21
2	1717	1	7	79	4	NA	NA	19	14
2	1718	1	8	79	4	NA	NA	7	20
2	1719	1	9	79	4	NA	NA	6	10
2	1720	1	10	79	4	NA	NA	13	17
2	1721	2	11	79	5	NA	NA	6	16
2	1722	2	12	79	5	NA	NA	5	23
2	1723	2	13	79	5	NA	NA	12	18
2	1724	2	14	79	5	NA	NA	8	15
2	1725	2	15	79	5	NA	NA	6	17
2	1726	2	16	79	5	NA	NA	8	14
2	1727	2	17	79	5	NA	NA	14	14
2	1728	2	18	79	5	NA	NA	4	20
2	1729	2	19	79	5	NA	NA	8	5
2	1730	2	20	79	5	NA	NA	7	7
2	1731	3	21	79	6	NA	NA	9	16
2	1732	3	22	79	6	NA	NA	NA	NA
2	1733	3	23	79	6	NA	NA	11	20
2	1734	3	24	79	6	NA	NA	6	18
2	1735	3	25	79	6	NA	NA	10	20
2	1736	3	26	79	6	NA	NA	11	14
2	1737	3	27	79	6	NA	NA	6	20
2	1738	3	28	79	6	NA	NA	12	11
2	1739	3	29	79	6	NA	NA	0	0
2	1740	3	30	79	6	NA	NA	3	15
2	1741	1	1	80	4	NA	NA	16	20
2	1742	1	2	80	4	NA	NA	10	9
2	1743	1	3	80	4	NA	NA	8	2
2	1744	1	4	80	4	NA	NA	19	14
2	1745	1	5	80	4	NA	NA	NA	NA
2	1746	1	6	80	4	NA	NA	15	21
2	1747	1	7	80	4	NA	NA	NA	NA
2	1748	1	8	80	4	NA	NA	21	21
2	1749	1	9	80	4	NA	NA	2	15
2	1750	1	10	80	4	NA	NA	10	21
2	1751	2	11	80	5	NA	NA	14	24
2	1752	2	12	80	5	NA	NA	6	25
2	1753	2	13	80	5	NA	NA	12	19
2	1754	2	14	80	5	NA	NA	15	20
2	1755	2	15	80	5	NA	NA	5	20
2	1756	2	16	80	5	NA	NA	12	16
2	1757	2	17	80	5	NA	NA	14	17
2	1758	2	18	80	5	NA	NA	13	20
2	1759	2	19	80	5	NA	NA	11	11
2	1760	2	20	80	5	NA	NA	7	8
2	1761	3	21	80	6	NA	NA	12	19
2	1762	3	22	80	6	NA	NA	NA	NA
2	1763	3	23	80	6	NA	NA	24	23
2	1764	3	24	80	6	NA	NA	13	20
2	1765	3	25	80	6	NA	NA	8	22
2	1766	3	26	80	6	NA	NA	11	16
2	1767	3	27	80	6	NA	NA	5	21
2	1768	3	28	80	6	NA	NA	8	18
2	1769	3	29	80	6	NA	NA	0	0
2	1770	3	30	80	6	NA	NA	2	16
2	1771	1	1	81	4	NA	NA	18	28
2	1772	1	2	81	4	NA	NA	10	12
2	1773	1	3	81	4	NA	NA	11	3
2	1774	1	4	81	4	NA	NA	10	20
2	1775	1	5	81	4	NA	NA	NA	NA
2	1776	1	6	81	4	NA	NA	18	25
2	1777	1	7	81	4	NA	NA	NA	NA
2	1778	1	8	81	4	NA	NA	15	25
2	1779	1	9	81	4	NA	NA	6	15
2	1780	1	10	81	4	NA	NA	7	26
2	1781	2	11	81	5	NA	NA	13	25
2	1782	2	12	81	5	NA	NA	11	26
2	1783	2	13	81	5	NA	NA	9	22
2	1784	2	14	81	5	NA	NA	11	22
2	1785	2	15	81	5	NA	NA	7	21
2	1786	2	16	81	5	NA	NA	8	18
2	1787	2	17	81	5	NA	NA	8	23
2	1788	2	18	81	5	NA	NA	14	25
2	1789	2	19	81	5	NA	NA	11	15
2	1790	2	20	81	5	NA	NA	1	15
2	1791	3	21	81	6	NA	NA	11	21
2	1792	3	22	81	6	NA	NA	NA	NA
2	1793	3	23	81	6	NA	NA	12	27
2	1794	3	24	81	6	NA	NA	7	23
2	1795	3	25	81	6	NA	NA	9	22
2	1796	3	26	81	6	NA	NA	12	22
2	1797	3	27	81	6	NA	NA	8	21
2	1798	3	28	81	6	NA	NA	7	18
2	1799	3	29	81	6	NA	NA	0	0
2	1800	3	30	81	6	NA	NA	5	17
2	1801	1	1	82	4	NA	NA	14	36
2	1802	1	2	82	4	NA	NA	14	15
2	1803	1	3	82	4	NA	NA	12	8
2	1804	1	4	82	4	NA	NA	10	24
2	1805	1	5	82	4	NA	NA	NA	NA
2	1806	1	6	82	4	NA	NA	8	28
2	1807	1	7	82	4	NA	NA	NA	NA
2	1808	1	8	82	4	NA	NA	12	28
2	1809	1	9	82	4	NA	NA	20	18
2	1810	1	10	82	4	NA	NA	4	30
2	1811	2	11	82	5	NA	NA	5	31
2	1812	2	12	82	5	NA	NA	9	29
2	1813	2	13	82	5	NA	NA	8	26
2	1814	2	14	82	5	NA	NA	8	25
2	1815	2	15	82	5	NA	NA	4	25
2	1816	2	16	82	5	NA	NA	8	24
2	1817	2	17	82	5	NA	NA	6	25
2	1818	2	18	82	5	NA	NA	9	26
2	1819	2	19	82	5	NA	NA	6	22
2	1820	2	20	82	5	NA	NA	4	14
2	1821	3	21	82	6	NA	NA	10	22
2	1822	3	22	82	6	NA	NA	NA	NA
2	1823	3	23	82	6	NA	NA	4	33
2	1824	3	24	82	6	NA	NA	6	24
2	1825	3	25	82	6	NA	NA	10	25
2	1826	3	26	82	6	NA	NA	7	26
2	1827	3	27	82	6	NA	NA	10	22
2	1828	3	28	82	6	NA	NA	3	22
2	1829	3	29	82	6	NA	NA	0	0
2	1830	3	30	82	6	NA	NA	8	17
2	1831	1	1	83	4	NA	NA	6	44
2	1832	1	2	83	4	NA	NA	10	26
2	1833	1	3	83	4	NA	NA	7	17
2	1834	1	4	83	4	NA	NA	7	25
2	1835	1	5	83	4	NA	NA	NA	NA
2	1836	1	6	83	4	NA	NA	3	33
2	1837	1	7	83	4	NA	NA	NA	NA
2	1838	1	8	83	4	NA	NA	11	34
2	1839	1	9	83	4	NA	NA	10	31
2	1840	1	10	83	4	NA	NA	7	33
2	1841	2	11	83	5	NA	NA	0	36
2	1842	2	12	83	5	NA	NA	8	34
2	1843	2	13	83	5	NA	NA	5	31
2	1844	2	14	83	5	NA	NA	6	27
2	1845	2	15	83	5	NA	NA	6	26
2	1846	2	16	83	5	NA	NA	8	25
2	1847	2	17	83	5	NA	NA	5	27
2	1848	2	18	83	5	NA	NA	6	29
2	1849	2	19	83	5	NA	NA	6	22
2	1850	2	20	83	5	NA	NA	11	14
2	1851	3	21	83	6	NA	NA	6	27
2	1852	3	22	83	6	NA	NA	NA	NA
2	1853	3	23	83	6	NA	NA	7	37
2	1854	3	24	83	6	NA	NA	3	25
2	1855	3	25	83	6	NA	NA	9	27
2	1856	3	26	83	6	NA	NA	7	31
2	1857	3	27	83	6	NA	NA	8	23
2	1858	3	28	83	6	NA	NA	6	25
2	1859	3	29	83	6	NA	NA	0	0
2	1860	3	30	83	6	NA	NA	6	18
2	1861	1	1	84	4	NA	NA	7	50
2	1862	1	2	84	4	NA	NA	8	34
2	1863	1	3	84	4	NA	NA	10	24
2	1864	1	4	84	4	NA	NA	5	25
2	1865	1	5	84	4	NA	NA	NA	NA
2	1866	1	6	84	4	NA	NA	5	34
2	1867	1	7	84	4	NA	NA	NA	NA
2	1868	1	8	84	4	NA	NA	4	36
2	1869	1	9	84	4	NA	NA	8	37
2	1870	1	10	84	4	NA	NA	8	37
2	1871	2	11	84	5	NA	NA	0	36
2	1872	2	12	84	5	NA	NA	4	39
2	1873	2	13	84	5	NA	NA	7	37
2	1874	2	14	84	5	NA	NA	3	34
2	1875	2	15	84	5	NA	NA	5	29
2	1876	2	16	84	5	NA	NA	6	27
2	1877	2	17	84	5	NA	NA	5	30
2	1878	2	18	84	5	NA	NA	4	34
2	1879	2	19	84	5	NA	NA	6	28
2	1880	2	20	84	5	NA	NA	8	18
2	1881	3	21	84	6	NA	NA	7	30
2	1882	3	22	84	6	NA	NA	NA	NA
2	1883	3	23	84	6	NA	NA	9	39
2	1884	3	24	84	6	NA	NA	6	33
2	1885	3	25	84	6	NA	NA	5	30
2	1886	3	26	84	6	NA	NA	5	38
2	1887	3	27	84	6	NA	NA	5	31
2	1888	3	28	84	6	NA	NA	5	32
2	1889	3	29	84	6	NA	NA	0	0
2	1890	3	30	84	6	NA	NA	12	26
2	1891	1	1	85	4	NA	NA	6	54
2	1892	1	2	85	4	NA	NA	7	31
2	1893	1	3	85	4	NA	NA	11	23
2	1894	1	4	85	4	NA	NA	3	29
2	1895	1	5	85	4	NA	NA	NA	NA
2	1896	1	6	85	4	NA	NA	6	39
2	1897	1	7	85	4	NA	NA	NA	NA
2	1898	1	8	85	4	NA	NA	2	44
2	1899	1	9	85	4	NA	NA	10	37
2	1900	1	10	85	4	NA	NA	10	38
2	1901	2	11	85	5	NA	NA	NA	NA
2	1902	2	12	85	5	NA	NA	5	39
2	1903	2	13	85	5	NA	NA	4	39
2	1904	2	14	85	5	NA	NA	1	36
2	1905	2	15	85	5	NA	NA	5	32
2	1906	2	16	85	5	NA	NA	2	37
2	1907	2	17	85	5	NA	NA	3	30
2	1908	2	18	85	5	NA	NA	10	35
2	1909	2	19	85	5	NA	NA	7	30
2	1910	2	20	85	5	NA	NA	6	26
2	1911	3	21	85	6	NA	NA	6	35
2	1912	3	22	85	6	NA	NA	NA	NA
2	1913	3	23	85	6	NA	NA	6	39
2	1914	3	24	85	6	NA	NA	1	36
2	1915	3	25	85	6	NA	NA	4	39
2	1916	3	26	85	6	NA	NA	3	42
2	1917	3	27	85	6	NA	NA	6	31
2	1918	3	28	85	6	NA	NA	0	37
2	1919	3	29	85	6	NA	NA	0	0
2	1920	3	30	85	6	NA	NA	11	27
2	1921	1	1	86	4	NA	NA	8	57
2	1922	1	2	86	4	NA	NA	10	32
2	1923	1	3	86	4	NA	NA	10	29
2	1924	1	4	86	4	NA	NA	3	33
2	1925	1	5	86	4	NA	NA	NA	NA
2	1926	1	6	86	4	NA	NA	4	40
2	1927	1	7	86	4	NA	NA	NA	NA
2	1928	1	8	86	4	NA	NA	5	44
2	1929	1	9	86	4	NA	NA	8	38
2	1930	1	10	86	4	NA	NA	12	40
2	1931	2	11	86	5	NA	NA	NA	NA
2	1932	2	12	86	5	NA	NA	10	40
2	1933	2	13	86	5	NA	NA	4	40
2	1934	2	14	86	5	NA	NA	3	38
2	1935	2	15	86	5	NA	NA	5	36
2	1936	2	16	86	5	NA	NA	4	37
2	1937	2	17	86	5	NA	NA	2	34
2	1938	2	18	86	5	NA	NA	11	38
2	1939	2	19	86	5	NA	NA	12	32
2	1940	2	20	86	5	NA	NA	8	27
2	1941	3	21	86	6	NA	NA	4	37
2	1942	3	22	86	6	NA	NA	NA	NA
2	1943	3	23	86	6	NA	NA	6	40
2	1944	3	24	86	6	NA	NA	3	40
2	1945	3	25	86	6	NA	NA	5	39
2	1946	3	26	86	6	NA	NA	3	46
2	1947	3	27	86	6	NA	NA	12	32
2	1948	3	28	86	6	NA	NA	3	37
2	1949	3	29	86	6	NA	NA	0	0
2	1950	3	30	86	6	NA	NA	8	30
2	1951	1	1	87	4	NA	NA	8	57
2	1952	1	2	87	4	NA	NA	14	32
2	1953	1	3	87	4	NA	NA	10	30
2	1954	1	4	87	4	NA	NA	7	37
2	1955	1	5	87	4	NA	NA	NA	NA
2	1956	1	6	87	4	NA	NA	5	40
2	1957	1	7	87	4	NA	NA	NA	NA
2	1958	1	8	87	4	NA	NA	7	48
2	1959	1	9	87	4	NA	NA	6	40
2	1960	1	10	87	4	NA	NA	9	43
2	1961	2	11	87	5	NA	NA	NA	NA
2	1962	2	12	87	5	NA	NA	8	40
2	1963	2	13	87	5	NA	NA	4	41
2	1964	2	14	87	5	NA	NA	4	38
2	1965	2	15	87	5	NA	NA	8	38
2	1966	2	16	87	5	NA	NA	6	37
2	1967	2	17	87	5	NA	NA	8	37
2	1968	2	18	87	5	NA	NA	5	45
2	1969	2	19	87	5	NA	NA	8	34
2	1970	2	20	87	5	NA	NA	6	31
2	1971	3	21	87	6	NA	NA	3	38
2	1972	3	22	87	6	NA	NA	NA	NA
2	1973	3	23	87	6	NA	NA	9	41
2	1974	3	24	87	6	NA	NA	6	40
2	1975	3	25	87	6	NA	NA	8	40
2	1976	3	26	87	6	NA	NA	9	46
2	1977	3	27	87	6	NA	NA	8	36
2	1978	3	28	87	6	NA	NA	9	40
2	1979	3	29	87	6	NA	NA	NA	NA
2	1980	3	30	87	6	NA	NA	5	32
2	1981	1	1	88	4	NA	NA	9	57
2	1982	1	2	88	4	NA	NA	6	36
2	1983	1	3	88	4	NA	NA	9	31
2	1984	1	4	88	4	NA	NA	8	43
2	1985	1	5	88	4	NA	NA	NA	NA
2	1986	1	6	88	4	NA	NA	8	48
2	1987	1	7	88	4	NA	NA	NA	NA
2	1988	1	8	88	4	NA	NA	6	48
2	1989	1	9	88	4	NA	NA	0	48
2	1990	1	10	88	4	NA	NA	4	48
2	1991	2	11	88	5	NA	NA	NA	NA
2	1992	2	12	88	5	NA	NA	2	42
2	1993	2	13	88	5	NA	NA	7	46
2	1994	2	14	88	5	NA	NA	4	38
2	1995	2	15	88	5	NA	NA	7	43
2	1996	2	16	88	5	NA	NA	4	38
2	1997	2	17	88	5	NA	NA	8	37
2	1998	2	18	88	5	NA	NA	2	46
2	1999	2	19	88	5	NA	NA	6	39
2	2000	2	20	88	5	NA	NA	6	31
2	2001	3	21	88	6	NA	NA	3	38
2	2002	3	22	88	6	NA	NA	NA	NA
2	2003	3	23	88	6	NA	NA	7	48
2	2004	3	24	88	6	NA	NA	4	41
2	2005	3	25	88	6	NA	NA	6	40
2	2006	3	26	88	6	NA	NA	5	46
2	2007	3	27	88	6	NA	NA	6	38
2	2008	3	28	88	6	NA	NA	8	41
2	2009	3	29	88	6	NA	NA	NA	NA
2	2010	3	30	88	6	NA	NA	6	33
2	2011	1	1	89	4	NA	NA	65	62
2	2012	1	2	89	4	NA	NA	35	45
2	2013	1	3	89	4	NA	NA	26	40
2	2014	1	4	89	4	NA	NA	36	47
2	2015	1	5	89	4	NA	NA	NA	NA
2	2016	1	6	89	4	NA	NA	40	48
2	2017	1	7	89	4	NA	NA	NA	NA
2	2018	1	8	89	4	NA	NA	32	52
2	2019	1	9	89	4	NA	NA	53	45
2	2020	1	10	89	4	NA	NA	37	46
2	2021	2	11	89	5	NA	NA	NA	NA
2	2022	2	12	89	5	NA	NA	47	47
2	2023	2	13	89	5	NA	NA	24	52
2	2024	2	14	89	5	NA	NA	20	44
2	2025	2	15	89	5	NA	NA	48	47
2	2026	2	16	89	5	NA	NA	19	38
2	2027	2	17	89	5	NA	NA	8	37
2	2028	2	18	89	5	NA	NA	40	38
2	2029	2	19	89	5	NA	NA	45	45
2	2030	2	20	89	5	NA	NA	43	41
2	2031	3	21	89	6	NA	NA	48	39
2	2032	3	22	89	6	NA	NA	NA	NA
2	2033	3	23	89	6	NA	NA	12	36
2	2034	3	24	89	6	NA	NA	12	45
2	2035	3	25	89	6	NA	NA	40	48
2	2036	3	26	89	6	NA	NA	29	48
2	2037	3	27	89	6	NA	NA	42	39
2	2038	3	28	89	6	NA	NA	33	45
2	2039	3	29	89	6	NA	NA	NA	NA
2	2040	3	30	89	6	NA	NA	15	36
2	2041	1	1	90	4	NA	NA	56	81
2	2042	1	2	90	4	NA	NA	50	46
2	2043	1	3	90	4	NA	NA	26	54
2	2044	1	4	90	4	NA	NA	30	56
2	2045	1	5	90	4	NA	NA	NA	NA
2	2046	1	6	90	4	NA	NA	50	58
2	2047	1	7	90	4	NA	NA	NA	NA
2	2048	1	8	90	4	NA	NA	56	55
2	2049	1	9	90	4	NA	NA	27	62
2	2050	1	10	90	4	NA	NA	46	62
2	2051	2	11	90	5	NA	NA	NA	NA
2	2052	2	12	90	5	NA	NA	48	57
2	2053	2	13	90	5	NA	NA	11	61
2	2054	2	14	90	5	NA	NA	23	48
2	2055	2	15	90	5	NA	NA	38	48
2	2056	2	16	90	5	NA	NA	17	46
2	2057	2	17	90	5	NA	NA	3	42
2	2058	2	18	90	5	NA	NA	34	56
2	2059	2	19	90	5	NA	NA	28	55
2	2060	2	20	90	5	NA	NA	35	51
2	2061	3	21	90	6	NA	NA	52	54
2	2062	3	22	90	6	NA	NA	NA	NA
2	2063	3	23	90	6	NA	NA	35	45
2	2064	3	24	90	6	NA	NA	18	45
2	2065	3	25	90	6	NA	NA	34	52
2	2066	3	26	90	6	NA	NA	30	50
2	2067	3	27	90	6	NA	NA	39	56
2	2068	3	28	90	6	NA	NA	33	58
2	2069	3	29	90	6	NA	NA	NA	NA
2	2070	3	30	90	6	NA	NA	16	43
2	2071	1	1	91	4	NA	NA	21	95
2	2072	1	2	91	4	NA	NA	28	68
2	2073	1	3	91	4	NA	NA	28	60
2	2074	1	4	91	4	NA	NA	20	62
2	2075	1	5	91	4	NA	NA	NA	NA
2	2076	1	6	91	4	NA	NA	29	76
2	2077	1	7	91	4	NA	NA	NA	NA
2	2078	1	8	91	4	NA	NA	42	78
2	2079	1	9	91	4	NA	NA	17	72
2	2080	1	10	91	4	NA	NA	38	76
2	2081	2	11	91	5	NA	NA	NA	NA
2	2082	2	12	91	5	NA	NA	38	64
2	2083	2	13	91	5	NA	NA	15	65
2	2084	2	14	91	5	NA	NA	12	50
2	2085	2	15	91	5	NA	NA	15	63
2	2086	2	16	91	5	NA	NA	10	46
2	2087	2	17	91	5	NA	NA	2	35
2	2088	2	18	91	5	NA	NA	21	77
2	2089	2	19	91	5	NA	NA	10	74
2	2090	2	20	91	5	NA	NA	25	54
2	2091	3	21	91	6	NA	NA	20	60
2	2092	3	22	91	6	NA	NA	NA	NA
2	2093	3	23	91	6	NA	NA	20	51
2	2094	3	24	91	6	NA	NA	10	47
2	2095	3	25	91	6	NA	NA	22	54
2	2096	3	26	91	6	NA	NA	14	53
2	2097	3	27	91	6	NA	NA	23	62
2	2098	3	28	91	6	NA	NA	11	75
2	2099	3	29	91	6	NA	NA	NA	NA
2	2100	3	30	91	6	NA	NA	14	55
2	2101	1	1	92	4	NA	NA	21	98
2	2102	1	2	92	4	NA	NA	31	68
2	2103	1	3	92	4	NA	NA	38	64
2	2104	1	4	92	4	NA	NA	6	70
2	2105	1	5	92	4	NA	NA	NA	NA
2	2106	1	6	92	4	NA	NA	27	82
2	2107	1	7	92	4	NA	NA	NA	NA
2	2108	1	8	92	4	NA	NA	38	85
2	2109	1	9	92	4	NA	NA	22	79
2	2110	1	10	92	4	NA	NA	42	78
2	2111	2	11	92	5	NA	NA	NA	NA
2	2112	2	12	92	5	NA	NA	31	66
2	2113	2	13	92	5	NA	NA	24	65
2	2114	2	14	92	5	NA	NA	15	50
2	2115	2	15	92	5	NA	NA	30	68
2	2116	2	16	92	5	NA	NA	9	47
2	2117	2	17	92	5	NA	NA	1	37
2	2118	2	18	92	5	NA	NA	17	79
2	2119	2	19	92	5	NA	NA	21	74
2	2120	2	20	92	5	NA	NA	21	55
2	2121	3	21	92	6	NA	NA	30	66
2	2122	3	22	92	6	NA	NA	NA	NA
2	2123	3	23	92	6	NA	NA	22	57
2	2124	3	24	92	6	NA	NA	7	47
2	2125	3	25	92	6	NA	NA	10	60
2	2126	3	26	92	6	NA	NA	13	60
2	2127	3	27	92	6	NA	NA	22	63
2	2128	3	28	92	6	NA	NA	7	75
2	2129	3	29	92	6	NA	NA	NA	NA
2	2130	3	30	92	6	NA	NA	32	55
2	2131	1	1	93	4	NA	NA	19	111
2	2132	1	2	93	4	NA	NA	31	88
2	2133	1	3	93	4	NA	NA	42	86
2	2134	1	4	93	4	NA	NA	19	74
2	2135	1	5	93	4	NA	NA	NA	NA
2	2136	1	6	93	4	NA	NA	41	93
2	2137	1	7	93	4	NA	NA	NA	NA
2	2138	1	8	93	4	NA	NA	13	112
2	2139	1	9	93	4	NA	NA	31	83
2	2140	1	10	93	4	NA	NA	38	89
2	2141	2	11	93	5	NA	NA	NA	NA
2	2142	2	12	93	5	NA	NA	25	89
2	2143	2	13	93	5	NA	NA	19	77
2	2144	2	14	93	5	NA	NA	22	54
2	2145	2	15	93	5	NA	NA	36	70
2	2146	2	16	93	5	NA	NA	18	51
2	2147	2	17	93	5	NA	NA	0	38
2	2148	2	18	93	5	NA	NA	22	81
2	2149	2	19	93	5	NA	NA	39	75
2	2150	2	20	93	5	NA	NA	19	67
2	2151	3	21	93	6	NA	NA	22	80
2	2152	3	22	93	6	NA	NA	NA	NA
2	2153	3	23	93	6	NA	NA	33	59
2	2154	3	24	93	6	NA	NA	6	53
2	2155	3	25	93	6	NA	NA	18	62
2	2156	3	26	93	6	NA	NA	15	61
2	2157	3	27	93	6	NA	NA	11	72
2	2158	3	28	93	6	NA	NA	28	77
2	2159	3	29	93	6	NA	NA	NA	NA
2	2160	3	30	93	6	NA	NA	41	60
2	2161	1	1	94	4	NA	NA	13	122
2	2162	1	2	94	4	NA	NA	18	101
2	2163	1	3	94	4	NA	NA	59	92
2	2164	1	4	94	4	NA	NA	14	93
2	2165	1	5	94	4	NA	NA	NA	NA
2	2166	1	6	94	4	NA	NA	28	117
2	2167	1	7	94	4	NA	NA	NA	NA
2	2168	1	8	94	4	NA	NA	17	115
2	2169	1	9	94	4	NA	NA	36	91
2	2170	1	10	94	4	NA	NA	40	118
2	2171	2	11	94	5	NA	NA	NA	NA
2	2172	2	12	94	5	NA	NA	15	98
2	2173	2	13	94	5	NA	NA	18	81
2	2174	2	14	94	5	NA	NA	14	65
2	2175	2	15	94	5	NA	NA	24	82
2	2176	2	16	94	5	NA	NA	17	59
2	2177	2	17	94	5	NA	NA	0	38
2	2178	2	18	94	5	NA	NA	15	88
2	2179	2	19	94	5	NA	NA	35	94
2	2180	2	20	94	5	NA	NA	22	71
2	2181	3	21	94	6	NA	NA	15	85
2	2182	3	22	94	6	NA	NA	NA	NA
2	2183	3	23	94	6	NA	NA	36	68
2	2184	3	24	94	6	NA	NA	11	56
2	2185	3	25	94	6	NA	NA	23	71
2	2186	3	26	94	6	NA	NA	10	66
2	2187	3	27	94	6	NA	NA	5	76
2	2188	3	28	94	6	NA	NA	25	78
2	2189	3	29	94	6	NA	NA	NA	NA
2	2190	3	30	94	6	NA	NA	28	84
2	2191	1	1	95	4	NA	NA	19	126
2	2192	1	2	95	4	NA	NA	8	111
2	2193	1	3	95	4	NA	NA	70	108
2	2194	1	4	95	4	NA	NA	36	93
2	2195	1	5	95	4	NA	NA	NA	NA
2	2196	1	6	95	4	NA	NA	47	123
2	2197	1	7	95	4	NA	NA	NA	NA
2	2198	1	8	95	4	NA	NA	4	124
2	2199	1	9	95	4	NA	NA	56	104
2	2200	1	10	95	4	NA	NA	33	123
2	2201	2	11	95	5	NA	NA	NA	NA
2	2202	2	12	95	5	NA	NA	14	100
2	2203	2	13	95	5	NA	NA	11	89
2	2204	2	14	95	5	NA	NA	23	72
2	2205	2	15	95	5	NA	NA	33	84
2	2206	2	16	95	5	NA	NA	20	66
2	2207	2	17	95	5	NA	NA	NA	NA
2	2208	2	18	95	5	NA	NA	27	95
2	2209	2	19	95	5	NA	NA	22	112
2	2210	2	20	95	5	NA	NA	26	86
2	2211	3	21	95	6	NA	NA	7	89
2	2212	3	22	95	6	NA	NA	NA	NA
2	2213	3	23	95	6	NA	NA	23	79
2	2214	3	24	95	6	NA	NA	7	61
2	2215	3	25	95	6	NA	NA	25	73
2	2216	3	26	95	6	NA	NA	8	68
2	2217	3	27	95	6	NA	NA	8	82
2	2218	3	28	95	6	NA	NA	20	83
2	2219	3	29	95	6	NA	NA	NA	NA
2	2220	3	30	95	6	NA	NA	15	88
2	2221	1	1	96	4	NA	NA	18	131
2	2222	1	2	96	4	NA	NA	9	135
2	2223	1	3	96	4	NA	NA	61	127
2	2224	1	4	96	4	NA	NA	23	106
2	2225	1	5	96	4	NA	NA	NA	NA
2	2226	1	6	96	4	NA	NA	40	130
2	2227	1	7	96	4	NA	NA	NA	NA
2	2228	1	8	96	4	NA	NA	2	126
2	2229	1	9	96	4	NA	NA	39	131
2	2230	1	10	96	4	NA	NA	26	133
2	2231	2	11	96	5	NA	NA	NA	NA
2	2232	2	12	96	5	NA	NA	3	111
2	2233	2	13	96	5	NA	NA	8	95
2	2234	2	14	96	5	NA	NA	17	83
2	2235	2	15	96	5	NA	NA	20	112
2	2236	2	16	96	5	NA	NA	22	75
2	2237	2	17	96	5	NA	NA	NA	NA
2	2238	2	18	96	5	NA	NA	27	100
2	2239	2	19	96	5	NA	NA	16	118
2	2240	2	20	96	5	NA	NA	6	95
2	2241	3	21	96	6	NA	NA	0	96
2	2242	3	22	96	6	NA	NA	NA	NA
2	2243	3	23	96	6	NA	NA	19	83
2	2244	3	24	96	6	NA	NA	3	64
2	2245	3	25	96	6	NA	NA	14	84
2	2246	3	26	96	6	NA	NA	14	72
2	2247	3	27	96	6	NA	NA	0	82
2	2248	3	28	96	6	NA	NA	16	87
2	2249	3	29	96	6	NA	NA	NA	NA
2	2250	3	30	96	6	NA	NA	8	95
2	2251	1	1	97	4	NA	NA	20	133
2	2252	1	2	97	4	NA	NA	7	137
2	2253	1	3	97	4	NA	NA	35	150
2	2254	1	4	97	4	NA	NA	8	121
2	2255	1	5	97	4	NA	NA	NA	NA
2	2256	1	6	97	4	NA	NA	21	145
2	2257	1	7	97	4	NA	NA	NA	NA
2	2258	1	8	97	4	NA	NA	0	128
2	2259	1	9	97	4	NA	NA	16	150
2	2260	1	10	97	4	NA	NA	20	139
2	2261	2	11	97	5	NA	NA	NA	NA
2	2262	2	12	97	5	NA	NA	2	112
2	2263	2	13	97	5	NA	NA	8	95
2	2264	2	14	97	5	NA	NA	15	89
2	2265	2	15	97	5	NA	NA	14	118
2	2266	2	16	97	5	NA	NA	10	87
2	2267	2	17	97	5	NA	NA	NA	NA
2	2268	2	18	97	5	NA	NA	38	105
2	2269	2	19	97	5	NA	NA	14	120
2	2270	2	20	97	5	NA	NA	5	96
2	2271	3	21	97	6	NA	NA	0	96
2	2272	3	22	97	6	NA	NA	NA	NA
2	2273	3	23	97	6	NA	NA	15	87
2	2274	3	24	97	6	NA	NA	0	67
2	2275	3	25	97	6	NA	NA	15	85
2	2276	3	26	97	6	NA	NA	12	74
2	2277	3	27	97	6	NA	NA	1	82
2	2278	3	28	97	6	NA	NA	9	92
2	2279	3	29	97	6	NA	NA	NA	NA
2	2280	3	30	97	6	NA	NA	0	100
2	2281	1	1	98	4	NA	NA	8	145
2	2282	1	2	98	4	NA	NA	7	137
2	2283	1	3	98	4	NA	NA	24	161
2	2284	1	4	98	4	NA	NA	4	125
2	2285	1	5	98	4	NA	NA	NA	NA
2	2286	1	6	98	4	NA	NA	11	159
2	2287	1	7	98	4	NA	NA	NA	NA
2	2288	1	8	98	4	NA	NA	0	128
2	2289	1	9	98	4	NA	NA	12	154
2	2290	1	10	98	4	NA	NA	18	141
2	2291	2	11	98	5	NA	NA	NA	NA
2	2292	2	12	98	5	NA	NA	1	113
2	2293	2	13	98	5	NA	NA	6	97
2	2294	2	14	98	5	NA	NA	15	92
2	2295	2	15	98	5	NA	NA	2	130
2	2296	2	16	98	5	NA	NA	11	90
2	2297	2	17	98	5	NA	NA	NA	NA
2	2298	2	18	98	5	NA	NA	32	110
2	2299	2	19	98	5	NA	NA	8	126
2	2300	2	20	98	5	NA	NA	11	100
2	2301	3	21	98	6	NA	NA	0	96
2	2302	3	22	98	6	NA	NA	NA	NA
2	2303	3	23	98	6	NA	NA	4	98
2	2304	3	24	98	6	NA	NA	0	67
2	2305	3	25	98	6	NA	NA	8	91
2	2306	3	26	98	6	NA	NA	18	84
2	2307	3	27	98	6	NA	NA	0	83
2	2308	3	28	98	6	NA	NA	3	98
2	2309	3	29	98	6	NA	NA	NA	NA
2	2310	3	30	98	6	NA	NA	0	100
2	2311	1	1	99	4	NA	NA	5	148
2	2312	1	2	99	4	NA	NA	7	137
2	2313	1	3	99	4	NA	NA	20	165
2	2314	1	4	99	4	NA	NA	12	125
2	2315	1	5	99	4	NA	NA	NA	NA
2	2316	1	6	99	4	NA	NA	4	166
2	2317	1	7	99	4	NA	NA	NA	NA
2	2318	1	8	99	4	NA	NA	0	128
2	2319	1	9	99	4	NA	NA	11	155
2	2320	1	10	99	4	NA	NA	13	146
2	2321	2	11	99	5	NA	NA	NA	NA
2	2322	2	12	99	5	NA	NA	1	113
2	2323	2	13	99	5	NA	NA	2	101
2	2324	2	14	99	5	NA	NA	11	96
2	2325	2	15	99	5	NA	NA	0	132
2	2326	2	16	99	5	NA	NA	11	91
2	2327	2	17	99	5	NA	NA	NA	NA
2	2328	2	18	99	5	NA	NA	34	111
2	2329	2	19	99	5	NA	NA	8	127
2	2330	2	20	99	5	NA	NA	12	100
2	2331	3	21	99	6	NA	NA	0	96
2	2332	3	22	99	6	NA	NA	NA	NA
2	2333	3	23	99	6	NA	NA	4	98
2	2334	3	24	99	6	NA	NA	0	67
2	2335	3	25	99	6	NA	NA	8	94
2	2336	3	26	99	6	NA	NA	20	94
2	2337	3	27	99	6	NA	NA	0	83
2	2338	3	28	99	6	NA	NA	0	101
2	2339	3	29	99	6	NA	NA	NA	NA
2	2340	3	30	99	6	NA	NA	0	100
2	2341	1	1	100	4	NA	NA	5	148
2	2342	1	2	100	4	NA	NA	7	137
2	2343	1	3	100	4	NA	NA	28	165
2	2344	1	4	100	4	NA	NA	17	125
2	2345	1	5	100	4	NA	NA	NA	NA
2	2346	1	6	100	4	NA	NA	2	168
2	2347	1	7	100	4	NA	NA	NA	NA
2	2348	1	8	100	4	NA	NA	0	128
2	2349	1	9	100	4	NA	NA	7	159
2	2350	1	10	100	4	NA	NA	4	155
2	2351	2	11	100	5	NA	NA	NA	NA
2	2352	2	12	100	5	NA	NA	1	113
2	2353	2	13	100	5	NA	NA	2	101
2	2354	2	14	100	5	NA	NA	10	97
2	2355	2	15	100	5	NA	NA	0	132
2	2356	2	16	100	5	NA	NA	11	92
2	2357	2	17	100	5	NA	NA	NA	NA
2	2358	2	18	100	5	NA	NA	21	122
2	2359	2	19	100	5	NA	NA	9	127
2	2360	2	20	100	5	NA	NA	15	100
2	2361	3	21	100	6	NA	NA	0	96
2	2362	3	22	100	6	NA	NA	NA	NA
2	2363	3	23	100	6	NA	NA	4	98
2	2364	3	24	100	6	NA	NA	0	67
2	2365	3	25	100	6	NA	NA	8	94
2	2366	3	26	100	6	NA	NA	20	104
2	2367	3	27	100	6	NA	NA	0	83
2	2368	3	28	100	6	NA	NA	0	101
2	2369	3	29	100	6	NA	NA	NA	NA
2	2370	3	30	100	6	NA	NA	0	100
2	2371	1	1	101	4	0	153	1	289
2	2372	1	2	101	4	7	48	2	219
2	2373	1	3	101	4	10	130	9	392
2	2374	1	4	101	4	30	159	8	231
2	2375	1	5	101	4	NA	NA	NA	NA
2	2376	1	6	101	4	0	69	4	293
2	2377	1	7	101	4	NA	NA	NA	NA
2	2378	1	8	101	4	15	46	0	230
2	2379	1	9	101	4	30	149	7	348
2	2380	1	10	101	4	10	81	0	292
2	2381	2	11	101	5	NA	NA	NA	NA
2	2382	2	12	101	5	6	16	1	189
2	2383	2	13	101	5	0	31	3	155
2	2384	2	14	101	5	0	56	6	187
2	2385	2	15	101	5	0	58	0	201
2	2386	2	16	101	5	10	74	4	163
2	2387	2	17	101	5	NA	NA	NA	NA
2	2388	2	18	101	5	12	83	2	285
2	2389	2	19	101	5	0	32	0	198
2	2390	2	20	101	5	8	42	2	179
2	2391	3	21	101	6	0	39	0	139
2	2392	3	22	101	6	NA	NA	NA	NA
2	2393	3	23	101	6	0	32	1	193
2	2394	3	24	101	6	0	23	0	126
2	2395	3	25	101	6	2	24	8	146
2	2396	3	26	101	6	0	53	5	216
2	2397	3	27	101	6	8	46	0	131
2	2398	3	28	101	6	6	50	1	182
2	2399	3	29	101	6	NA	NA	NA	NA
2	2400	3	30	101	6	0	6	0	157
									
									
									
									
									
									
									
									
									
									
									
									
									
									
									
									
									
									
									
									
									
									
									
									
									
									
									
									
									
									
									
									
									
									
									
									
									
									
									
									
									
									
									
									
									
									
									
									
									
									
									
									
									
									
									
									
									
									
									
									
									
									
									
									
									
									
									
									
									
									
									
									
									
									
									
									
									
									
									
									
									
									
									
									
									
									
									
									
									
									
									
									
									
									
									
									
									
									
									
									
									
									
									
									
									
									
									
									
									
									
									
									
									
									
									
									
									
									
									
									
									
									
									
									
									
									
									
									
									
									
									
									
									
									
									
									
									
									
									
									
									
									
									
									
									
									
									
									
									
									
									
									
									
									
									
									
									
									
									
									
									
									
									
									
									
									
									
									
									
									
									
									
									
									
									
									
									
									
									
									
									
									
									
									
									
									
									
									
									
									
									
									
									
									
									
									
									
									
									
									
									
									
									
									
									
									
									
									
									
									
									
									
									
									
									
									
									
									
									
									
									
									
									
									
									
									
									
									
									
									
									
									
									
									
									
									
									
									
									
									
									
									
									
									
									
									
									
									
									
									
									
									
									
									
									
									
									
									
									
									
									
									
									
									
									
									
									
									
									
									
									
									
									
									
									
									
									
									
									
									
									
									
									
									
									
									
									
									
									
									
									
									
									
									
									
									
									
									
									
									
									
									
									
									
									
									
									
									
									
									
									
									
									
									
									
									
									
									
									
									
									
									
									
									
									
									
									
									
									
									
									
									
									
									
									
									
									
									
									
									
									
									
									
									
									
									
									
									
									
									
									
									
									
									
									
									
									
									
									
									
									
									
									
									
									
									
									
									
									
									
									
									
									
									
									
									
									
									
									
									
									
									
									
									
									
									
									
									
									
									
									
									
									
									
									
									
									
									
									
									
									
									
									
									
									
									
									
									
									
									
									
									
									
									
									
									
									
									
									
									
									
									
									
									
									
									
									
									
									
									
									
									
									
									
									
									
									
									
									
									
									
									
									
									
									
									
									
									
									
									
									
									
									
									
									
									
									
									
									
									
									
									
									
									
									
									
									
									
									
									
									
									
									
									
									
									
									
									
									
									
									
									
									
									
									
									
									
									
									
									
									
									
									
									
									
									
									
									
									
									
									
									
									
									
									
									
									
									
									
									
									
									
									
									
									
									
									
									
									
									
									
									
									
									
									
									
									
									
									
									
									
									
									
									
									
									
									
									
									
									
									
									
									
									
									
									
									
									
									
									
									
									
									
									
									
									
									
									
									
									
									
									
									
									
									
									
									
									
									
									
									
									
									
									
									
									
									
									
									
									
									
									
									
									
									
									
									
									
									
									
									
									
									
									
									
									
									
									
									
									
									
									
									
									
									
									
									
									
									
									
									
									
									
									
									
									
									
									
									
									
									
									
									
									
									
									
									
									
									
									
									
									
									
									
									
									
									
									
									
									
									
									
									
									
									
									
									
									
									
									
									
									
									
									
									
									
									
									
									
									
									
									
									
									
									
									
									
									
									
									
									
									
									
									
									
									
									
									
									
									
									
									
									
									
									
									
									
									
									
									
									
									
									
									
									
									
									
									
									
									
									
									
									
									
									
									
									
									
									
									
									
									
									
									
									
									
									
									
									
									
									
									
									
									
									
									
									
									
									
									
									
									
									
									
									
									
									
									
									
									
									
									
									
									
									
									
									
									
									
									
									
									
									
									
									
									
									
									
									
									
									
									
									
									
									
									
									
									
									
									
									
									
									
									
									
									
									
									
									
									
									
									
									
									
									
									
									
									
									
									
									
									
									
									
									
									
									
									
									
									
									
									
									
									
									
									
									
									
									
									
									
									
									
									
									
									
									
									
									
									
									
									
									
									
									
									
									
									
									
									
									
									
									
									
									
									
									
									
									
									
									
									
									
									
									
									
									
									
									
									
									
									
									
									
									
									
									
									
									
									
									
									
									
									
									
									
									
									
									
									
									
									
									
									
									
									
									
									
									
									
									
									
									
									
									
									
									
									
									
									
									
									
									
									
									
									
									
									
									
									
									
									
									
									
									
									
									
									
									
									
									
									
									
									
									
									
									
									
									
									
									
									
									
									
									
									
									
									
									
									
									
									
									
									
									
									
									
									
									
									
									
									
									
									
									
									
									
									
									
									
									
									
									
									
									
									
									
									
									
									
									
									
									
									
									
									
									
									
									
									
									
									
									
									
									
									
									
									
									
									
									
									
									
									
									
									
									
									
									
									
									
									
									
									
									
									
									
									
									
									
									
									
									
									
									
									
									
									
									
									
									
									
									
									
									
									
									
									
									
									
									
									
									
									
									
									
									
									
									
									
									
									
									
									
									
									
									
									
									
									
									
									
									
									
									
									
									
									
									
									
									
									
									
									
									
									
									
									
									
									
									
									
									
									
									
									
									
									
									
									
									
									
									
									
									
									
									
									
									
									
									
									
									
									
									
									
									
									
									
									
									
									
									
									
									
									
									
									
									
									
									
									
									
									
									
									
									
									
									
									
									
									
									
									
									
									
									
									
									
									
									
									
									
									
									
									
									
									
									
									
									
									
									
									
									
									
									
									
									
									
									
									
									
									
									
									
									
									
									
									
									
									
									
									
									
									
									
									
									
									
									
									
									
									
									
									
									
									
									
									
									
									
									
									
									
									
									
									
									
									
									
									
									
									
									
									
									
									
									
									
									
									
									
									
									
									
									
									
									
									
									
									
									
									
									
									
									
									
									
									
									
									
									
									
									
									
									
									
									
									
									
									
									
									
									
									
									
									
									
									
									
									
									
									
									
									
									
									
									
									
									
									
									
									
									
									
									
									
									
									
									
									
									
									
									
									
									
									
									
									
									
									
									
									
									
									
									
									
									
									
									
									
									
									
									
									
									
									
									
									
									
									
									
									
									
									
									
									
									
									
									
									
									
									
									
									
									
									
									
									
									
									
									
									
									
									
									
									
									
									
									
									
									
									
									
									
									
									
									
									
									
									
									
									
									
									
									
									
									
									
									
									
									
									
									
									
									
									
									
									
									
									
									
									
									
									
									
									
									
									
									
									
									
									
									
									
									
									
									
									
									
									
									
									
									
									
									
									
									
									
									
									
									
									
									
									
									
									
									
									
									
									
									
									
									
									
									
									
									
									
									
									
									
									
									
									
									
									
									
									
									
									
									
									
									
									
									
									
									
									
									
									
									
									
									
									
									
									
									
									
									
									
									
									
									
									
									
									
									
									
									
									
									
									
									
									
									
									
									
									
									
									
									
									
									
									
									
									
									
									
									
									
									
									
									
									
									
									
									
									
									
									
									
									
									
									
									
									
									
									
									
									
									
									
									
									
									
									
									
									
									
									
									
									
									
									
									
									
									
									
									
									
									
									
									
									
									
									
									
									
									
									
									
									
									
									
									
									
									
									
									
									
									
									
									
									
									
									
									
									
									
									
									
									
									
									
									
									
									
									
									
									
									
									
									
									
									
									
									
									
									
									
									
									
									
									
									
									
									
									
									
									
									
									
									
									
									
									
									
									
									
									
									
									
									
									
									
									
									
									
									
									
									
									
									
									
									
									
									
									
									
									
									
									
									
									
									
									
									
									
									
									
									
									
									
									
									
									
									
									
									
									
									
									
									
									
									
									
									
									
									
									
									
									
									
									
									
									
									
									
									
									
									
									
									
									
									
									
									
									
									
									
									
									
									
									
									
									
									
									
									
									
									
									
									
									
									
									
									
									
									
									
									
									
									
									
									
									
									
									
									
									
									
									
									
									
									
									
									
									
									
									
									
									
									
									
									
									
									
									
									
									
									
									
									
									
									
									
									
									
									
									
									
									
									
									
									
									
									
									
									
									
									
									
									
									
									
									
									
									
									
									
									
									
									
									
									
									
									
									
									
									
									
									
									
									
									
									
									
									
									
									
									
									
									
									
									
									
									
									
									
									
									
									
									
									
									
									
									
									
									
									
									
									
									
									
									
									
									
									
									
									
									
									
									
									
									
									
									
									
									
									
									
									
									
									
									
									
									
									
									
									
									
									
									
									
									
									
									
									
									
									
									
									
									
									
									
									
									
									
									
									
									
									
									
									
									
									
									
									
									
									
									
									
									
									
									
									
									
									
									
									
									
									
									
									
									
									
									
									
									
									
									
									
									
									
									
									
									
									
									
									
									
									
									
									
									
									
									
									
									
									
									
									
									
									
									
									
									
									
									
									
									
									
									
									
									
									
									
									
									
									
									
									
									
									
									
									
									
									
									
									
									
									
									
									
									
									
									
									
									
									
									
									
									
									
									
									
									
									
									
									
									
									
									
									
									
									
									
									
									
									
									
									
									
									
									
									
									
									
									
									
									
									
									
									
									
									
									
									
									
									
									
									
									
									
									
									
									
									
									
									
									
									
									
									
									
									
									
									
									
									
									
									
									
									
									
									
									
									
									
									
									
									
									
									
									
									
									
									
									
									
									
									
									
									
									
									
									
									
									
									
									
									
									
									
									
									
									
									
									
									
									
									
									
									
									
									
									
									
									
									
									
									
									
									
									
									
									
									
									
									
									
									
									
									
									
									
									
									
									
									
									
									
									
									
									
									
									
									
									
									
									
									
									
									
									
									
									
									
									
									
									
									
									
									
									
									
									
									
									
									
									
									
									
									
									
									
									
									
									
									
									
									
									
									
									
									
									
									
									
									
									
									
									
									
									
									
									
									
									
									
									
									
									
									
									
									
									
									
									
									
									
									
									
									
									
									
									
									
									
									
									
									
									
									
									
									
									
									
									
									
									
									
									
									
									
									
									
									
									
									
									
									
									
									
									
									
									
									
									
									
									
									
									
									
									
									
									
									
									
									
									
									
									
									
									
									
									
									
									
									
									
									
									
									
									
									
									
									
									
									
									
									
									
									
									
									
									
									
									
									
									
									
									
									
									
									
									
									
									
									
									
									
									
									
									
									
									
									
									
									
									
									
									
									
									
									
									
									
									
									
									
									
									
									
									
									
									
									
									
									
									
									
									
									
									
									
									
									
									
									
									
									
									
									
									
									
									
									
									
									
									
									
									
									
									
									
									
									
									
									
									
									
									
									
									
									
									
									
									
									
									
									
									
									
									
									
									
									
									
									
									
									
									
									
									
									
									
									
									
									
									
									
									
									
									
									
									
									
									
									
									
									
									
									
									
									
									
									
									
									
									
									
									
									
									
									
									
									
									
									
									
									
									
									
									
									
									
									
									
									
									
									
									
									
									
									
									
									
									
									
									
									
									
									
									
									
									
									
									
									
									
									
									
									
									
									
									
									
									
									
									
									
									
									
									
									
									
									
									
									
									
									
									
									
									
									
									
									
									
									
									
									
									
									
									
									
									
									
									
									
									
									
									
									
									
									
									
									
									
									
									
									
									
									
									
									
									
									
									
									
									
									
									
									
									
									
									
									
